Timestamp(ns),GameTime,LeftHandPosition,LeftHandRotation
10317282500,10.364350,(-1.7560, 1.6360, 6.6500),(0.000, 270.000, 0.000)
10330064000,10.378670,(-1.7560, 1.6360, 6.6500),(0.000, 270.000, 0.000)
10344520000,10.392810,(-1.7560, 1.6360, 6.6500),(0.000, 270.000, 0.000)
10358144500,10.406420,(-1.7560, 1.6360, 6.6500),(0.000, 270.000, 0.000)
10372142900,10.420390,(-1.7560, 1.6360, 6.6500),(0.000, 270.000, 0.000)
10385910900,10.434480,(-1.7560, 1.6360, 6.6500),(0.000, 270.000, 0.000)
10399870800,10.448070,(-1.7560, 1.6360, 6.6500),(0.000, 270.000, 0.000)
10413981300,10.461990,(-1.7560, 1.6360, 6.6500),(0.000, 270.000, 0.000)
10427781300,10.476130,(-1.7560, 1.6360, 6.6500),(0.000, 270.000, 0.000)
10441676500,10.489910,(-1.7560, 1.6360, 6.6500),(0.000, 270.000, 0.000)
10455311200,10.503720,(-1.7560, 1.6360, 6.6500),(0.000, 270.000, 0.000)
10468952500,10.517520,(-1.7560, 1.6360, 6.6500),(0.000, 270.000, 0.000)
10483229200,10.531450,(-1.7560, 1.6360, 6.6500),(0.000, 270.000, 0.000)
10499637600,10.547780,(-1.7560, 1.6360, 6.6500),(0.000, 270.000, 0.000)
10510720900,10.559360,(-1.7560, 1.6360, 6.6500),(0.000, 270.000, 0.000)
10524797200,10.573120,(-1.7560, 1.6360, 6.6500),(0.000, 270.000, 0.000)
10538825700,10.587070,(-1.7560, 1.6360, 6.6500),(0.000, 270.000, 0.000)
10552860500,10.601080,(-1.7560, 1.6360, 6.6500),(0.000, 270.000, 0.000)
10566192100,10.614790,(-1.7560, 1.6360, 6.6500),(0.000, 270.000, 0.000)
10580710500,10.628950,(-1.7560, 1.6360, 6.6500),(0.000, 270.000, 0.000)
10594570000,10.642880,(-1.7560, 1.6360, 6.6500),(0.000, 270.000, 0.000)
10608188300,10.656800,(-1.7560, 1.6360, 6.6500),(0.000, 270.000, 0.000)
10622345100,10.670590,(-1.7560, 1.6360, 6.6500),(0.000, 270.000, 0.000)
10636460500,10.684730,(-1.7560, 1.6360, 6.6500),(0.000, 270.000, 0.000)
10649968100,10.698620,(-1.7560, 1.6360, 6.6500),(0.000, 270.000, 0.000)
10664016800,10.712260,(-1.7560, 1.6360, 6.6500),(0.000, 270.000, 0.000)
10678162700,10.726420,(-1.7560, 1.6360, 6.6500),(0.000, 270.000, 0.000)
10692023700,10.740300,(-1.7560, 1.6360, 6.6500),(0.000, 270.000, 0.000)
10708162100,10.756690,(-1.7560, 1.6360, 6.6500),(0.000, 270.000, 0.000)
10719716800,10.768010,(-1.7560, 1.6360, 6.6500),(0.000, 270.000, 0.000)
10733743700,10.782060,(-1.7560, 1.6360, 6.6500),(0.000, 270.000, 0.000)
10747189900,10.795800,(-1.7560, 1.6360, 6.6500),(0.000, 270.000, 0.000)
10761670500,10.809930,(-1.7560, 1.6360, 6.6500),(0.000, 270.000, 0.000)
10775546900,10.823830,(-1.7560, 1.6360, 6.6500),(0.000, 270.000, 0.000)
10789355700,10.837960,(-1.7560, 1.6360, 6.6500),(0.000, 270.000, 0.000)
10803545100,10.851790,(-1.7560, 1.6360, 6.6500),(0.000, 270.000, 0.000)
10817162500,10.865460,(-1.7560, 1.6360, 6.6500),(0.000, 270.000, 0.000)
10830516500,10.879200,(-1.7560, 1.6360, 6.6500),(0.000, 270.000, 0.000)
10845221100,10.893430,(-1.7560, 1.6360, 6.6500),(0.000, 270.000, 0.000)
10858958900,10.907220,(-1.7560, 1.6360, 6.6500),(0.000, 270.000, 0.000)
10872973900,10.921250,(-1.7560, 1.6360, 6.6500),(0.000, 270.000, 0.000)
10886524900,10.935130,(-1.7560, 1.6360, 6.6500),(0.000, 270.000, 0.000)
10900662100,10.948950,(-1.7560, 1.6360, 6.6500),(0.000, 270.000, 0.000)
10917393300,10.965640,(-1.7560, 1.6360, 6.6500),(0.000, 270.000, 0.000)
10928443200,10.977070,(-1.7560, 1.6360, 6.6500),(0.000, 270.000, 0.000)
10942842900,10.991070,(-1.7560, 1.6360, 6.6500),(0.000, 270.000, 0.000)
10956346800,11.004610,(-1.7560, 1.6360, 6.6500),(0.000, 270.000, 0.000)
10970076700,11.018690,(-1.7560, 1.6360, 6.6500),(0.000, 270.000, 0.000)
10984426700,11.032710,(-1.7560, 1.6360, 6.6500),(0.000, 270.000, 0.000)
10998369900,11.046660,(-1.7560, 1.6360, 6.6500),(0.000, 270.000, 0.000)
11012476800,11.060710,(-1.7560, 1.6360, 6.6500),(0.000, 270.000, 0.000)
11025616100,11.074240,(-1.7560, 1.6360, 6.6500),(0.000, 270.000, 0.000)
11039869900,11.088080,(-1.7560, 1.6360, 6.6500),(0.000, 270.000, 0.000)
11054217900,11.102490,(-1.7560, 1.6360, 6.6500),(0.000, 270.000, 0.000)
11067752100,11.116270,(-1.7560, 1.6360, 6.6500),(0.000, 270.000, 0.000)
11082171900,11.130380,(-1.7560, 1.6360, 6.6500),(0.000, 270.000, 0.000)
11095904900,11.144190,(-1.7560, 1.6360, 6.6500),(0.000, 270.000, 0.000)
11109455900,11.158050,(-1.7560, 1.6360, 6.6500),(0.000, 270.000, 0.000)
11126555500,11.174660,(-1.7560, 1.6360, 6.6500),(0.000, 270.000, 0.000)
11137711100,11.185960,(-1.7560, 1.6360, 6.6500),(0.000, 270.000, 0.000)
11151006900,11.199590,(-1.7560, 1.6360, 6.6500),(0.000, 270.000, 0.000)
11165271300,11.213480,(-1.7560, 1.6360, 6.6500),(0.000, 270.000, 0.000)
11178935100,11.227220,(-1.7560, 1.6360, 6.6500),(0.000, 270.000, 0.000)
11193155300,11.241420,(-1.7560, 1.6360, 6.6500),(0.000, 270.000, 0.000)
11206830800,11.255390,(-1.7560, 1.6360, 6.6500),(0.000, 270.000, 0.000)
11221032100,11.269270,(-1.7560, 1.6360, 6.6500),(0.000, 270.000, 0.000)
11234971300,11.283240,(-1.7560, 1.6360, 6.6500),(0.000, 270.000, 0.000)
11248606500,11.297210,(-1.7560, 1.6360, 6.6500),(0.000, 270.000, 0.000)
11262892500,11.311100,(-1.7560, 1.6360, 6.6500),(0.000, 270.000, 0.000)
11276724100,11.324960,(-1.7560, 1.6360, 6.6500),(0.000, 270.000, 0.000)
11290447500,11.339050,(-1.7560, 1.6360, 6.6500),(0.000, 270.000, 0.000)
11304737300,11.352970,(-1.7560, 1.6360, 6.6500),(0.000, 270.000, 0.000)
11318478000,11.366790,(-1.7560, 1.6360, 6.6500),(0.000, 270.000, 0.000)
11335619300,11.384000,(-1.7560, 1.6360, 6.6500),(0.000, 270.000, 0.000)
11346165500,11.394910,(-1.7560, 1.6360, 6.6500),(0.000, 270.000, 0.000)
11360115200,11.408440,(-1.7560, 1.6360, 6.6500),(0.000, 270.000, 0.000)
11374464100,11.422880,(-1.7560, 1.6360, 6.6500),(0.000, 270.000, 0.000)
11387690500,11.436410,(-1.7560, 1.6360, 6.6500),(0.000, 270.000, 0.000)
11401899300,11.450380,(-1.7560, 1.6360, 6.6500),(0.000, 270.000, 0.000)
11415632500,11.464130,(-1.7560, 1.6360, 6.6500),(0.000, 270.000, 0.000)
11429302400,11.477980,(-1.7560, 1.6360, 6.6500),(0.000, 270.000, 0.000)
11443784300,11.492120,(-1.7560, 1.6360, 6.6500),(0.000, 270.000, 0.000)
11457325700,11.505810,(-1.7560, 1.6360, 6.6500),(0.000, 270.000, 0.000)
11470978100,11.519710,(-1.7560, 1.6360, 6.6500),(0.000, 270.000, 0.000)
11485337500,11.533810,(-1.7560, 1.6360, 6.6500),(0.000, 270.000, 0.000)
11499237100,11.547640,(-1.7560, 1.6360, 6.6500),(0.000, 270.000, 0.000)
11513224500,11.561690,(-1.7560, 1.6360, 6.6500),(0.000, 270.000, 0.000)
11526729600,11.575440,(-1.7560, 1.6360, 6.6500),(0.000, 270.000, 0.000)
11543712500,11.592120,(-1.7560, 1.6360, 6.6500),(0.000, 270.000, 0.000)
11554743700,11.603250,(-1.7560, 1.6360, 6.6500),(0.000, 270.000, 0.000)
11568532000,11.617300,(-1.7560, 1.6360, 6.6500),(0.000, 270.000, 0.000)
11582758100,11.631180,(-1.7560, 1.6360, 6.6500),(0.000, 270.000, 0.000)
11596608500,11.645080,(-1.7560, 1.6360, 6.6500),(0.000, 270.000, 0.000)
11610262500,11.659010,(-1.7560, 1.6360, 6.6500),(0.000, 270.000, 0.000)
11624767500,11.673240,(-1.7560, 1.6360, 6.6500),(0.000, 270.000, 0.000)
11638513300,11.686920,(-1.7560, 1.6360, 6.6500),(0.000, 270.000, 0.000)
11652399300,11.700830,(-1.7560, 1.6360, 6.6500),(0.000, 270.000, 0.000)
11665916100,11.714680,(-1.7560, 1.6360, 6.6500),(0.000, 270.000, 0.000)
11680367500,11.728840,(-1.7560, 1.6360, 6.6500),(0.000, 270.000, 0.000)
11694178100,11.742670,(-1.7560, 1.6360, 6.6500),(0.000, 270.000, 0.000)
11707718400,11.756470,(-1.7560, 1.6360, 6.6500),(0.000, 270.000, 0.000)
11722319200,11.770770,(-1.7560, 1.6360, 6.6500),(0.000, 270.000, 0.000)
11735781700,11.784330,(-1.7560, 1.6360, 6.6500),(0.000, 270.000, 0.000)
11752349300,11.800810,(-1.7560, 1.6360, 6.6500),(0.000, 270.000, 0.000)
11763959500,11.812680,(-1.7560, 1.6360, 6.6500),(0.000, 270.000, 0.000)
11777629700,11.826100,(-1.7560, 1.6360, 6.6500),(0.000, 270.000, 0.000)
11791654100,11.840130,(-1.7560, 1.6360, 6.6500),(0.000, 270.000, 0.000)
11805230700,11.853970,(-1.7560, 1.6360, 6.6500),(0.000, 270.000, 0.000)
11819279600,11.867670,(-1.7560, 1.6360, 6.6500),(0.000, 270.000, 0.000)
11833193600,11.881660,(-1.7560, 1.6360, 6.6500),(0.000, 270.000, 0.000)
11847020900,11.895730,(-1.7560, 1.6360, 6.6500),(0.000, 270.000, 0.000)
11861220700,11.909650,(-1.7560, 1.6360, 6.6500),(0.000, 270.000, 0.000)
11874988000,11.923470,(-1.7560, 1.6360, 6.6500),(0.000, 270.000, 0.000)
11888688900,11.937450,(-1.7560, 1.6360, 6.6500),(0.000, 270.000, 0.000)
11902811900,11.951270,(-1.7560, 1.6360, 6.6500),(0.000, 270.000, 0.000)
11916529300,11.965030,(-1.7560, 1.6360, 6.6500),(0.000, 270.000, 0.000)
11930459700,11.979240,(-1.7560, 1.6360, 6.6500),(0.000, 270.000, 0.000)
11944763100,11.993230,(-1.7560, 1.6360, 6.6500),(0.000, 270.000, 0.000)
11961953900,12.010330,(-1.7560, 1.6360, 6.6500),(0.000, 270.000, 0.000)
11972627500,12.021120,(-1.7560, 1.6360, 6.6500),(0.000, 270.000, 0.000)
11986248800,12.034970,(-1.7560, 1.6360, 6.6500),(0.000, 270.000, 0.000)
12000316900,12.048800,(-1.7560, 1.6360, 6.6500),(0.000, 270.000, 0.000)
12014164100,12.062690,(-1.7560, 1.6360, 6.6500),(0.000, 270.000, 0.000)
12027920000,12.076650,(-1.7560, 1.6360, 6.6500),(0.000, 270.000, 0.000)
12042139900,12.090620,(-1.7560, 1.6360, 6.6500),(0.000, 270.000, 0.000)
12055788100,12.104300,(-1.7560, 1.6360, 6.6500),(0.000, 270.000, 0.000)
12069632500,12.118360,(-1.7560, 1.6360, 6.6500),(0.000, 270.000, 0.000)
12084043600,12.132490,(-1.7560, 1.6360, 6.6500),(0.000, 270.000, 0.000)
12097646100,12.146180,(-1.7560, 1.6360, 6.6500),(0.000, 270.000, 0.000)
12111724700,12.160200,(-1.7560, 1.6360, 6.6500),(0.000, 270.000, 0.000)
12125315100,12.174060,(-1.7560, 1.6360, 6.6500),(0.000, 270.000, 0.000)
12139597600,12.188060,(-1.7560, 1.6360, 6.6500),(0.000, 270.000, 0.000)
12153571300,12.202080,(-1.7560, 1.6360, 6.6500),(0.000, 270.000, 0.000)
12169849300,12.218610,(-1.7560, 1.6360, 6.6500),(0.000, 270.000, 0.000)
12181584500,12.230040,(-1.7560, 1.6360, 6.6500),(0.000, 270.000, 0.000)
12195277100,12.243760,(-1.7560, 1.6360, 6.6500),(0.000, 270.000, 0.000)
12209007300,12.257770,(-1.7560, 1.6360, 6.6500),(0.000, 270.000, 0.000)
12223181700,12.271680,(-1.7560, 1.6360, 6.6500),(0.000, 270.000, 0.000)
12236777900,12.285270,(-1.7560, 1.6360, 6.6500),(0.000, 270.000, 0.000)
12250473700,12.299240,(-1.7560, 1.6360, 6.6500),(0.000, 270.000, 0.000)
12264902800,12.313400,(-1.7560, 1.6360, 6.6500),(0.000, 270.000, 0.000)
12278776900,12.327250,(-1.7560, 1.6360, 6.6500),(0.000, 270.000, 0.000)
12292813100,12.341300,(-1.7560, 1.6360, 6.6500),(0.000, 270.000, 0.000)
12306459300,12.355250,(-1.7560, 1.6360, 6.6500),(0.000, 270.000, 0.000)
12320676500,12.369010,(-1.7560, 1.6360, 6.6500),(0.000, 270.000, 0.000)
12334278500,12.382850,(-1.7560, 1.6360, 6.6500),(0.000, 270.000, 0.000)
12348027600,12.396830,(-1.7560, 1.6360, 6.6500),(0.000, 270.000, 0.000)
12362451600,12.410920,(-1.7560, 1.6360, 6.6500),(0.000, 270.000, 0.000)
12378965700,12.427350,(-1.7560, 1.6360, 6.6500),(0.000, 270.000, 0.000)
12389851700,12.438650,(-1.7560, 1.6360, 6.6500),(0.000, 270.000, 0.000)
12404340900,12.452820,(-1.7560, 1.6360, 6.6500),(0.000, 270.000, 0.000)
12417868800,12.466340,(-1.7560, 1.6360, 6.6500),(0.000, 270.000, 0.000)
12431829300,12.480320,(-1.7560, 1.6360, 6.6500),(0.000, 270.000, 0.000)
12445476400,12.494190,(-1.7560, 1.6360, 6.6500),(0.000, 270.000, 0.000)
12459641300,12.508110,(-1.7560, 1.6360, 6.6500),(0.000, 270.000, 0.000)
12473571300,12.522070,(-1.7560, 1.6360, 6.6500),(0.000, 270.000, 0.000)
12487412500,12.536170,(-1.7560, 1.6360, 6.6500),(0.000, 270.000, 0.000)
12501415600,12.549830,(-1.7560, 1.6360, 6.6500),(0.000, 270.000, 0.000)
12515431900,12.563960,(-1.7560, 1.6360, 6.6500),(0.000, 270.000, 0.000)
12529117700,12.577850,(-1.7560, 1.6360, 6.6500),(0.000, 270.000, 0.000)
12543238700,12.591740,(-1.7560, 1.6360, 6.6500),(0.000, 270.000, 0.000)
12557026000,12.605530,(-1.7560, 1.6360, 6.6500),(0.000, 270.000, 0.000)
12570965900,12.619730,(-1.7560, 1.6360, 6.6500),(0.000, 270.000, 0.000)
12587751100,12.636190,(-1.7560, 1.6360, 6.6500),(0.000, 270.000, 0.000)
12598880400,12.647370,(-1.7560, 1.6360, 6.6500),(0.000, 270.000, 0.000)
12623030400,12.671450,(-1.7560, 1.6360, 6.6500),(0.000, 270.000, 0.000)
12643072700,12.691410,(-1.7560, 1.6360, 6.6500),(0.000, 270.000, 0.000)
12654982900,12.703470,(-1.7560, 1.6360, 6.6500),(0.000, 270.000, 0.000)
12668416800,12.717130,(-1.7560, 1.6360, 6.6500),(0.000, 270.000, 0.000)
12682809600,12.731260,(-1.7560, 1.6360, 6.6500),(0.000, 270.000, 0.000)
12696780000,12.745100,(-1.7560, 1.6360, 6.6500),(0.000, 270.000, 0.000)
12710514100,12.759090,(-1.7560, 1.6360, 6.6500),(0.000, 270.000, 0.000)
12724782400,12.772950,(-1.7560, 1.6360, 6.6500),(0.000, 270.000, 0.000)
12738557700,12.786750,(-1.7560, 1.6360, 6.6500),(0.000, 270.000, 0.000)
12752326000,12.800570,(-1.7560, 1.6360, 6.6500),(0.000, 270.000, 0.000)
12765682700,12.814250,(-1.7560, 1.6360, 6.6500),(0.000, 270.000, 0.000)
12780015500,12.828110,(-1.7560, 1.6360, 6.6500),(0.000, 270.000, 0.000)
12797066000,12.845330,(-1.7560, 1.6360, 6.6500),(0.000, 270.000, 0.000)
12807561300,12.856160,(-1.7560, 1.6360, 6.6500),(0.000, 270.000, 0.000)
12821578000,12.869840,(-1.7560, 1.6360, 6.6500),(0.000, 270.000, 0.000)
12835682700,12.883910,(-1.7560, 1.6360, 6.6500),(0.000, 270.000, 0.000)
12849284400,12.897820,(-1.7560, 1.6360, 6.6500),(0.000, 270.000, 0.000)
12863473600,12.911690,(-1.7560, 1.6360, 6.6500),(0.000, 270.000, 0.000)
12877107500,12.925390,(-1.7560, 1.6360, 6.6500),(0.000, 270.000, 0.000)
12890617700,12.939220,(-1.7560, 1.6360, 6.6500),(0.000, 270.000, 0.000)
12905099100,12.953330,(-1.7560, 1.6360, 6.6500),(0.000, 270.000, 0.000)
12919392900,12.967430,(-1.7560, 1.6360, 6.6500),(0.000, 270.000, 0.000)
12932859300,12.981120,(-1.7560, 1.6360, 6.6500),(0.000, 270.000, 0.000)
12946530500,12.995100,(-1.7560, 1.6360, 6.6500),(0.000, 270.000, 0.000)
12960386100,13.008610,(-1.7560, 1.6360, 6.6500),(0.000, 270.000, 0.000)
12974647700,13.022890,(-1.7560, 1.6360, 6.6500),(0.000, 270.000, 0.000)
12988141600,13.036700,(-1.7560, 1.6360, 6.6500),(0.000, 270.000, 0.000)
13005685900,13.053850,(-1.7560, 1.6360, 6.6500),(0.000, 270.000, 0.000)
13016087700,13.064360,(-1.7560, 1.6360, 6.6500),(0.000, 270.000, 0.000)
13029641300,13.078230,(-1.7560, 1.6360, 6.6500),(0.000, 270.000, 0.000)
13043653300,13.091930,(-1.7560, 1.6360, 6.6500),(0.000, 270.000, 0.000)
13057859700,13.106070,(-1.7560, 1.6360, 6.6500),(0.000, 270.000, 0.000)
13073114300,13.121310,(-1.7560, 1.6360, 6.6500),(0.000, 270.000, 0.000)
13085941300,13.134470,(-1.7560, 1.6360, 6.6500),(0.000, 270.000, 0.000)
13099520100,13.147760,(-1.7560, 1.6360, 6.6500),(0.000, 270.000, 0.000)
13113454700,13.161690,(-1.7560, 1.6360, 6.6500),(0.000, 270.000, 0.000)
13126777200,13.175380,(-1.7560, 1.6360, 6.6500),(0.000, 270.000, 0.000)
13141139100,13.189380,(-1.7560, 1.6360, 6.6500),(0.000, 270.000, 0.000)
13155049200,13.203370,(-1.7560, 1.6360, 6.6500),(0.000, 270.000, 0.000)
13168606800,13.217170,(-1.7560, 1.6360, 6.6500),(0.000, 270.000, 0.000)
13182899500,13.231130,(-1.7560, 1.6360, 6.6500),(0.000, 270.000, 0.000)
13196824300,13.245050,(-1.7560, 1.6360, 6.6500),(0.000, 270.000, 0.000)
13214157300,13.262320,(-1.7560, 1.6360, 6.6500),(0.000, 270.000, 0.000)
13224030300,13.272640,(-1.7560, 1.6360, 6.6500),(0.000, 270.000, 0.000)
13238424300,13.286700,(-1.7560, 1.6360, 6.6500),(0.000, 270.000, 0.000)
13252278300,13.300570,(-1.7560, 1.6360, 6.6500),(0.000, 270.000, 0.000)
13265786900,13.314350,(-1.7560, 1.6360, 6.6500),(0.000, 270.000, 0.000)
13280088900,13.328270,(-1.7560, 1.6360, 6.6500),(0.000, 270.000, 0.000)
13293932900,13.342240,(-1.7560, 1.6360, 6.6500),(0.000, 270.000, 0.000)
13307222500,13.355790,(-1.7560, 1.6360, 6.6500),(0.000, 270.000, 0.000)
13321540500,13.369850,(-1.7560, 1.6360, 6.6500),(0.000, 270.000, 0.000)
13335254700,13.383570,(-1.7560, 1.6360, 6.6500),(0.000, 270.000, 0.000)
13348993200,13.397550,(-1.7560, 1.6360, 6.6500),(0.000, 270.000, 0.000)
13363321300,13.411570,(-1.7560, 1.6360, 6.6500),(0.000, 270.000, 0.000)
13377081600,13.425390,(-1.7560, 1.6360, 6.6500),(0.000, 270.000, 0.000)
13390608900,13.439240,(-1.7560, 1.6360, 6.6500),(0.000, 270.000, 0.000)
13411401700,13.459640,(-1.7560, 1.6360, 6.6500),(0.000, 270.000, 0.000)
14302172900,13.792980,(-1.7560, 1.6360, 6.6500),(0.000, 270.000, 0.000)
14327596700,13.821880,(-1.7560, 1.6360, 6.6500),(0.000, 270.000, 0.000)
14337108800,13.831990,(-1.7560, 1.6360, 6.6500),(0.000, 270.000, 0.000)
14350722300,13.845270,(-1.7560, 1.6360, 6.6500),(0.000, 270.000, 0.000)
14364820100,13.859760,(-1.7560, 1.6360, 6.6500),(0.000, 270.000, 0.000)
14378758700,13.873290,(-1.7560, 1.6360, 6.6500),(0.000, 270.000, 0.000)
14392686300,13.887250,(-1.7560, 1.6360, 6.6500),(0.000, 270.000, 0.000)
14406508400,13.901120,(-1.7560, 1.6360, 6.6500),(0.000, 270.000, 0.000)
14420306400,13.915110,(-1.7560, 1.6360, 6.6500),(0.000, 270.000, 0.000)
14434888900,13.929390,(-1.7560, 1.6360, 6.6500),(0.000, 270.000, 0.000)
14448479300,13.943060,(-1.7560, 1.6360, 6.6500),(0.000, 270.000, 0.000)
14462054000,13.956920,(-1.7560, 1.6360, 6.6500),(0.000, 270.000, 0.000)
14476133600,13.970720,(-1.7560, 1.6360, 6.6500),(0.000, 270.000, 0.000)
14490203500,13.984750,(-1.7560, 1.6360, 6.6500),(0.000, 270.000, 0.000)
14503961500,13.998810,(-1.7560, 1.6360, 6.6500),(0.000, 270.000, 0.000)
14521367200,14.015840,(-1.7560, 1.6360, 6.6500),(0.000, 270.000, 0.000)
14532057100,14.026640,(-1.7560, 1.6360, 6.6500),(0.000, 270.000, 0.000)
14545834500,14.040420,(-1.7560, 1.6360, 6.6500),(0.000, 270.000, 0.000)
14559233500,14.054150,(-1.7560, 1.6360, 6.6500),(0.000, 270.000, 0.000)
14573602700,14.068220,(-1.7560, 1.6360, 6.6500),(0.000, 270.000, 0.000)
14587749100,14.082320,(-1.7560, 1.6360, 6.6500),(0.000, 270.000, 0.000)
14601394700,14.096290,(-1.7560, 1.6360, 6.6500),(0.000, 270.000, 0.000)
14615359600,14.109970,(-1.7560, 1.6360, 6.6500),(0.000, 270.000, 0.000)
14629633500,14.124160,(-1.7560, 1.6360, 6.6500),(0.000, 270.000, 0.000)
14642809500,14.137760,(-1.7560, 1.6360, 6.6500),(0.000, 270.000, 0.000)
14657162100,14.151710,(-1.7560, 1.6360, 6.6500),(0.000, 270.000, 0.000)
14671122800,14.165730,(-1.7560, 1.6360, 6.6500),(0.000, 270.000, 0.000)
14684771700,14.179670,(-1.7560, 1.6360, 6.6500),(0.000, 270.000, 0.000)
14699038100,14.193580,(-1.7560, 1.6360, 6.6500),(0.000, 270.000, 0.000)
14712944400,14.207540,(-1.7560, 1.6360, 6.6500),(0.000, 270.000, 0.000)
14729991600,14.224540,(-1.7560, 1.6360, 6.6500),(0.000, 270.000, 0.000)
14740589100,14.235500,(-1.7560, 1.6360, 6.6500),(0.000, 270.000, 0.000)
14754724100,14.249310,(-1.7560, 1.6360, 6.6500),(0.000, 270.000, 0.000)
14768666900,14.263200,(-1.7560, 1.6360, 6.6500),(0.000, 270.000, 0.000)
14782724400,14.277570,(-1.7560, 1.6360, 6.6500),(0.000, 270.000, 0.000)
14797104500,14.291380,(-1.7560, 1.6360, 6.6500),(0.000, 270.000, 0.000)
14810919700,14.305420,(-1.7560, 1.6360, 6.6500),(0.000, 270.000, 0.000)
14824458500,14.319330,(-1.7560, 1.6360, 6.6500),(0.000, 270.000, 0.000)
14838165900,14.332760,(-1.7560, 1.6360, 6.6500),(0.000, 270.000, 0.000)
14852452500,14.347020,(-1.7560, 1.6360, 6.6500),(0.000, 270.000, 0.000)
14866677700,14.361190,(-1.7560, 1.6360, 6.6500),(0.000, 270.000, 0.000)
14880179200,14.374920,(-1.7560, 1.6360, 6.6500),(0.000, 270.000, 0.000)
14894327700,14.388880,(-1.7560, 1.6360, 6.6500),(0.000, 270.000, 0.000)
14908265700,14.402830,(-1.7560, 1.6360, 6.6500),(0.000, 270.000, 0.000)
14921357900,14.416300,(-1.7560, 1.6360, 6.6500),(0.000, 270.000, 0.000)
14939528900,14.434010,(-1.7560, 1.6360, 6.6500),(0.000, 270.000, 0.000)
14949874000,14.444520,(-1.7560, 1.6360, 6.6500),(0.000, 270.000, 0.000)
14963568000,14.458490,(-1.7560, 1.6360, 6.6500),(0.000, 270.000, 0.000)
14977880900,14.472490,(-1.7560, 1.6360, 6.6500),(0.000, 270.000, 0.000)
14991620300,14.486130,(-1.7560, 1.6360, 6.6500),(0.000, 270.000, 0.000)
15005651200,14.500180,(-1.7560, 1.6360, 6.6500),(0.000, 270.000, 0.000)
15019483100,14.514250,(-1.7560, 1.6360, 6.6500),(0.000, 270.000, 0.000)
15033666400,14.528230,(-1.7560, 1.6360, 6.6500),(0.000, 270.000, 0.000)
15047701700,14.542160,(-1.7560, 1.6360, 6.6500),(0.000, 270.000, 0.000)
15061190100,14.556080,(-1.7560, 1.6360, 6.6500),(0.000, 270.000, 0.000)
15075274400,14.569880,(-1.7560, 1.6360, 6.6500),(0.000, 270.000, 0.000)
15089167700,14.583630,(-1.7560, 1.6360, 6.6500),(0.000, 270.000, 0.000)
15103029300,14.597890,(-1.7560, 1.6360, 6.6500),(0.000, 270.000, 0.000)
15117047300,14.611600,(-1.7560, 1.6360, 6.6500),(0.000, 270.000, 0.000)
15131184900,14.625680,(-1.7560, 1.6360, 6.6500),(0.000, 270.000, 0.000)
15148151900,14.642670,(-1.7560, 1.6360, 6.6500),(0.000, 270.000, 0.000)
15158096500,14.653020,(-1.7560, 1.6360, 6.6500),(0.000, 270.000, 0.000)
15172782000,14.667320,(-1.7560, 1.6360, 6.6500),(0.000, 270.000, 0.000)
15186259700,14.680870,(-1.7560, 1.6360, 6.6500),(0.000, 270.000, 0.000)
15199842100,14.694750,(-1.7560, 1.6360, 6.6500),(0.000, 270.000, 0.000)
15214259100,14.708840,(-1.7560, 1.6360, 6.6500),(0.000, 270.000, 0.000)
15228104500,14.722690,(-1.7560, 1.6360, 6.6500),(0.000, 270.000, 0.000)
15241690300,14.736620,(-1.7560, 1.6360, 6.6500),(0.000, 270.000, 0.000)
15255700900,14.750330,(-1.7560, 1.6360, 6.6500),(0.000, 270.000, 0.000)
15269836900,14.764400,(-1.7560, 1.6360, 6.6500),(0.000, 270.000, 0.000)
15283565900,14.778450,(-1.7560, 1.6360, 6.6500),(0.000, 270.000, 0.000)
15298034000,14.792540,(-1.7560, 1.6360, 6.6500),(0.000, 270.000, 0.000)
15311427200,14.806070,(-1.7560, 1.6360, 6.6500),(0.000, 270.000, 0.000)
15325649500,14.820180,(-1.7560, 1.6360, 6.6500),(0.000, 270.000, 0.000)
15339001700,14.833910,(-1.7560, 1.6360, 6.6500),(0.000, 270.000, 0.000)
15356444400,14.851010,(-1.7560, 1.6360, 6.6500),(0.000, 270.000, 0.000)
15367496400,14.862130,(-1.7560, 1.6360, 6.6500),(0.000, 270.000, 0.000)
15380932300,14.875790,(-1.7560, 1.6360, 6.6500),(0.000, 270.000, 0.000)
15395069300,14.889710,(-1.7560, 1.6360, 6.6500),(0.000, 270.000, 0.000)
15409312400,14.903890,(-1.7560, 1.6360, 6.6500),(0.000, 270.000, 0.000)
15422680900,14.917570,(-1.7560, 1.6360, 6.6500),(0.000, 270.000, 0.000)
15436694900,14.931310,(-1.7560, 1.6360, 6.6500),(0.000, 270.000, 0.000)
15450856800,14.945430,(-1.7560, 1.6360, 6.6500),(0.000, 270.000, 0.000)
15464399700,14.959340,(-1.7560, 1.6360, 6.6500),(0.000, 270.000, 0.000)
15478428900,14.973060,(-1.7560, 1.6360, 6.6500),(0.000, 270.000, 0.000)
15492454500,14.987030,(-1.7560, 1.6360, 6.6500),(0.000, 270.000, 0.000)
15506621900,15.001220,(-1.7560, 1.6360, 6.6500),(0.000, 270.000, 0.000)
15520181600,15.015040,(-1.7560, 1.6360, 6.6500),(0.000, 270.000, 0.000)
15534362400,15.028920,(-1.7560, 1.6360, 6.6500),(0.000, 270.000, 0.000)
15548166300,15.042780,(-1.7560, 1.6360, 6.6500),(0.000, 270.000, 0.000)
15564976500,15.059860,(-1.7560, 1.6360, 6.6500),(0.000, 270.000, 0.000)
15575961100,15.070550,(-1.7560, 1.6360, 6.6500),(0.000, 270.000, 0.000)
15590048000,15.084590,(-1.7560, 1.6360, 6.6500),(0.000, 270.000, 0.000)
15603563600,15.098470,(-1.7560, 1.6360, 6.6500),(0.000, 270.000, 0.000)
15617798900,15.112380,(-1.7560, 1.6360, 6.6500),(0.000, 270.000, 0.000)
15631647900,15.126280,(-1.7560, 1.6360, 6.6500),(0.000, 270.000, 0.000)
15645790800,15.140380,(-1.7560, 1.6360, 6.6500),(0.000, 270.000, 0.000)
15659379900,15.154170,(-1.7560, 1.6360, 6.6500),(0.000, 270.000, 0.000)
15673571300,15.167980,(-1.7560, 1.6360, 6.6500),(0.000, 270.000, 0.000)
15687423700,15.181980,(-1.7560, 1.6360, 6.6500),(0.000, 270.000, 0.000)
15700902900,15.195790,(-1.7560, 1.6360, 6.6500),(0.000, 270.000, 0.000)
15715114100,15.209710,(-1.7560, 1.6360, 6.6500),(0.000, 270.000, 0.000)
15729081700,15.223600,(-1.7560, 1.6360, 6.6500),(0.000, 270.000, 0.000)
15742832900,15.237750,(-1.7560, 1.6360, 6.6500),(0.000, 270.000, 0.000)
15756901200,15.251530,(-1.7560, 1.6360, 6.6500),(0.000, 270.000, 0.000)
15774164300,15.268680,(-1.7560, 1.6360, 6.6500),(0.000, 270.000, 0.000)
15784425700,15.279360,(-1.7560, 1.6360, 6.6500),(0.000, 270.000, 0.000)
15798636700,15.293220,(-1.7560, 1.6360, 6.6500),(0.000, 270.000, 0.000)
15812468300,15.307110,(-1.7560, 1.6360, 6.6500),(0.000, 270.000, 0.000)
15826543700,15.321140,(-1.7560, 1.6360, 6.6500),(0.000, 270.000, 0.000)
15840193700,15.335090,(-1.7560, 1.6360, 6.6500),(0.000, 270.000, 0.000)
15854476900,15.349080,(-1.7560, 1.6360, 6.6500),(0.000, 270.000, 0.000)
15868660500,15.363200,(-1.7560, 1.6360, 6.6500),(0.000, 270.000, 0.000)
15881986400,15.376910,(-1.7560, 1.6360, 6.6500),(0.000, 270.000, 0.000)
15895805300,15.390500,(-1.7560, 1.6360, 6.6500),(0.000, 270.000, 0.000)
15910084500,15.404670,(-1.7560, 1.6360, 6.6500),(0.000, 270.000, 0.000)
15923510700,15.418510,(-1.7560, 1.6360, 6.6500),(0.000, 270.000, 0.000)
15937916900,15.432540,(-1.7560, 1.6360, 6.6500),(0.000, 270.000, 0.000)
15951761700,15.446360,(-1.7560, 1.6360, 6.6500),(0.000, 270.000, 0.000)
15965874900,15.460470,(-1.7560, 1.6360, 6.6500),(0.000, 270.000, 0.000)
15982874300,15.477760,(-1.7560, 1.6360, 6.6500),(0.000, 270.000, 0.000)
15993963100,15.488530,(-1.7560, 1.6360, 6.6500),(0.000, 270.000, 0.000)
16007768300,15.502300,(-1.7560, 1.6360, 6.6500),(0.000, 270.000, 0.000)
16021538100,15.516490,(-1.7560, 1.6360, 6.6500),(0.000, 270.000, 0.000)
16035300100,15.529850,(-1.7560, 1.6360, 6.6500),(0.000, 270.000, 0.000)
16049422400,15.544000,(-1.7560, 1.6360, 6.6500),(0.000, 270.000, 0.000)
16063092700,15.557960,(-1.7560, 1.6360, 6.6500),(0.000, 270.000, 0.000)
16076953700,15.571600,(-1.7560, 1.6360, 6.6500),(0.000, 270.000, 0.000)
16091178900,15.585740,(-1.7560, 1.6360, 6.6500),(0.000, 270.000, 0.000)
16104542000,15.599500,(-1.7560, 1.6360, 6.6500),(0.000, 270.000, 0.000)
16118954500,15.613560,(-1.7560, 1.6360, 6.6500),(0.000, 270.000, 0.000)
16132723900,15.627370,(-1.7560, 1.6360, 6.6500),(0.000, 270.000, 0.000)
16146838500,15.641400,(-1.7560, 1.6360, 6.6500),(0.000, 270.000, 0.000)
16160339700,15.655250,(-1.7560, 1.6360, 6.6500),(0.000, 270.000, 0.000)
16174730900,15.669330,(-1.7560, 1.6360, 6.6500),(0.000, 270.000, 0.000)
16192013300,15.686570,(-1.7560, 1.6360, 6.6500),(0.000, 270.000, 0.000)
16202493700,15.697430,(-1.7560, 1.6360, 6.6500),(0.000, 270.000, 0.000)
16216359200,15.710930,(-1.7560, 1.6360, 6.6500),(0.000, 270.000, 0.000)
16230244700,15.724890,(-1.7560, 1.6360, 6.6500),(0.000, 270.000, 0.000)
16244008800,15.738930,(-1.7560, 1.6360, 6.6500),(0.000, 270.000, 0.000)
16258327900,15.752950,(-1.7560, 1.6360, 6.6500),(0.000, 270.000, 0.000)
16271406500,15.766030,(-1.7560, 1.6360, 6.6500),(0.000, 270.000, 0.000)
16285029100,15.779940,(-1.7560, 1.6360, 6.6500),(0.000, 270.000, 0.000)
16299183200,15.793780,(-1.7560, 1.6360, 6.6500),(0.000, 270.000, 0.000)
16313042100,15.807730,(-1.7560, 1.6360, 6.6500),(0.000, 270.000, 0.000)
16327112400,15.821640,(-1.7560, 1.6360, 6.6500),(0.000, 270.000, 0.000)
16340683300,15.835580,(-1.7560, 1.6360, 6.6500),(0.000, 270.000, 0.000)
16355300100,15.849920,(-1.7560, 1.6360, 6.6500),(0.000, 270.000, 0.000)
16368992500,15.863540,(-1.7560, 1.6360, 6.6500),(0.000, 270.000, 0.000)
16382651200,15.877470,(-1.7560, 1.6360, 6.6500),(0.000, 270.000, 0.000)
16400163300,15.894700,(-1.7560, 1.6360, 6.6500),(0.000, 270.000, 0.000)
16410950100,15.905550,(-1.7560, 1.6360, 6.6500),(0.000, 270.000, 0.000)
16424618100,15.919350,(-1.7560, 1.6360, 6.6500),(0.000, 270.000, 0.000)
16438549300,15.933050,(-1.7560, 1.6360, 6.6500),(0.000, 270.000, 0.000)
16452497700,15.947080,(-1.7560, 1.6360, 6.6500),(0.000, 270.000, 0.000)
16466359600,15.960960,(-1.7560, 1.6360, 6.6500),(0.000, 270.000, 0.000)
16480135600,15.975000,(-1.7560, 1.6360, 6.6500),(0.000, 270.000, 0.000)
16494249700,15.988800,(-1.7560, 1.6360, 6.6500),(0.000, 270.000, 0.000)
16508274500,16.002810,(-1.7560, 1.6360, 6.6500),(0.000, 270.000, 0.000)
16521840100,16.016740,(-1.7560, 1.6360, 6.6500),(0.000, 270.000, 0.000)
16536025700,16.030600,(-1.7560, 1.6360, 6.6500),(0.000, 270.000, 0.000)
16549968500,16.044470,(-1.7560, 1.6360, 6.6500),(0.000, 270.000, 0.000)
16563726000,16.058630,(-1.7560, 1.6360, 6.6500),(0.000, 270.000, 0.000)
16577635200,16.072230,(-1.7560, 1.6360, 6.6500),(0.000, 270.000, 0.000)
16591778900,16.086300,(-1.7560, 1.6360, 6.6500),(0.000, 270.000, 0.000)
16608980100,16.103540,(-1.7560, 1.6360, 6.6500),(0.000, 270.000, 0.000)
16619354900,16.114170,(-1.7560, 1.6360, 6.6500),(0.000, 270.000, 0.000)
16633762500,16.128320,(-1.7560, 1.6360, 6.6500),(0.000, 270.000, 0.000)
16647278500,16.141890,(-1.7560, 1.6360, 6.6500),(0.000, 270.000, 0.000)
16660948000,16.155850,(-1.7560, 1.6360, 6.6500),(0.000, 270.000, 0.000)
16675057900,16.169670,(-1.7560, 1.6360, 6.6500),(0.000, 270.000, 0.000)
16689180500,16.183840,(-1.7560, 1.6360, 6.6500),(0.000, 270.000, 0.000)
16702820900,16.197730,(-1.7560, 1.6360, 6.6500),(0.000, 270.000, 0.000)
16717034000,16.211550,(-1.7560, 1.6360, 6.6500),(0.000, 270.000, 0.000)
16730918500,16.225570,(-1.7560, 1.6360, 6.6500),(0.000, 270.000, 0.000)
16744783300,16.239620,(-1.7560, 1.6360, 6.6500),(0.000, 270.000, 0.000)
16758758700,16.253320,(-1.7560, 1.6360, 6.6500),(0.000, 270.000, 0.000)
16772713700,16.267290,(-1.7560, 1.6360, 6.6500),(0.000, 270.000, 0.000)
16786661100,16.281170,(-1.7560, 1.6360, 6.6500),(0.000, 270.000, 0.000)
16800195900,16.295090,(-1.7560, 1.6360, 6.6500),(0.000, 270.000, 0.000)
16817712400,16.312300,(-1.7560, 1.6360, 6.6500),(0.000, 270.000, 0.000)
16828486500,16.323020,(-1.7560, 1.6360, 6.6500),(0.000, 270.000, 0.000)
16842052100,16.336880,(-1.7560, 1.6360, 6.6500),(0.000, 270.000, 0.000)
16856214500,16.350800,(-1.7560, 1.6360, 6.6500),(0.000, 270.000, 0.000)
16870245600,16.364770,(-1.7560, 1.6360, 6.6500),(0.000, 270.000, 0.000)
16883734900,16.378700,(-1.7560, 1.6360, 6.6500),(0.000, 270.000, 0.000)
16898090500,16.392680,(-1.7560, 1.6360, 6.6500),(0.000, 270.000, 0.000)
16911777600,16.406320,(-1.7560, 1.6360, 6.6500),(0.000, 270.000, 0.000)
16925907300,16.420500,(-1.7560, 1.6360, 6.6500),(0.000, 270.000, 0.000)
16939268500,16.434250,(-1.7560, 1.6360, 6.6500),(0.000, 270.000, 0.000)
16953876300,16.448360,(-1.7560, 1.6360, 6.6500),(0.000, 270.000, 0.000)
16967761300,16.462310,(-1.7560, 1.6360, 6.6500),(0.000, 270.000, 0.000)
16981132500,16.476060,(-1.7560, 1.6360, 6.6500),(0.000, 270.000, 0.000)
16995793300,16.490300,(-1.7560, 1.6360, 6.6500),(0.000, 270.000, 0.000)
17009472000,16.504000,(-1.7560, 1.6360, 6.6500),(0.000, 270.000, 0.000)
17026964100,16.521510,(-1.7560, 1.6360, 6.6500),(0.000, 270.000, 0.000)
17037053300,16.531970,(-1.7560, 1.6360, 6.6500),(0.000, 270.000, 0.000)
17050994900,16.545570,(-1.7560, 1.6360, 6.6500),(0.000, 270.000, 0.000)
17064502100,16.559480,(-1.7560, 1.6360, 6.6500),(0.000, 270.000, 0.000)
17079058100,16.573650,(-1.7560, 1.6360, 6.6500),(0.000, 270.000, 0.000)
17093045900,16.587450,(-1.7560, 1.6360, 6.6500),(0.000, 270.000, 0.000)
17106718500,16.601300,(-1.7560, 1.6360, 6.6500),(0.000, 270.000, 0.000)
17120360300,16.615230,(-1.7560, 1.6360, 6.6500),(0.000, 270.000, 0.000)
17134427300,16.629110,(-1.7560, 1.6360, 6.6500),(0.000, 270.000, 0.000)
17148413900,16.643000,(-1.7560, 1.6360, 6.6500),(0.000, 270.000, 0.000)
17162152700,16.657080,(-1.7560, 1.6360, 6.6500),(0.000, 270.000, 0.000)
17176142900,16.670770,(-1.7560, 1.6360, 6.6500),(0.000, 270.000, 0.000)
17190635200,16.685130,(-1.7560, 1.6360, 6.6500),(0.000, 270.000, 0.000)
17203883700,16.698730,(-1.7560, 1.6360, 6.6500),(0.000, 270.000, 0.000)
17218179900,16.712650,(-1.7560, 1.6360, 6.6500),(0.000, 270.000, 0.000)
17235691900,16.730290,(-1.7560, 1.6360, 6.6500),(0.000, 270.000, 0.000)
17245988700,16.740710,(-1.7560, 1.6360, 6.6500),(0.000, 270.000, 0.000)
17259509100,16.754610,(-1.7560, 1.6360, 6.6500),(0.000, 270.000, 0.000)
17273764100,16.768500,(-1.7560, 1.6360, 6.6500),(0.000, 270.000, 0.000)
17287756400,16.782530,(-1.7560, 1.6360, 6.6500),(0.000, 270.000, 0.000)
17301510800,16.796530,(-1.7560, 1.6360, 6.6500),(0.000, 270.000, 0.000)
17315294000,16.810090,(-1.7560, 1.6360, 6.6500),(0.000, 270.000, 0.000)
17330754700,16.825050,(-1.7560, 1.6360, 6.6500),(0.000, 270.000, 0.000)
17343137500,16.838200,(-1.7560, 1.6360, 6.6500),(0.000, 270.000, 0.000)
17357197600,16.851990,(-1.7560, 1.6360, 6.6500),(0.000, 270.000, 0.000)
17371064400,16.865810,(-1.7560, 1.6360, 6.6500),(0.000, 270.000, 0.000)
17385310500,16.880080,(-1.7560, 1.6360, 6.6500),(0.000, 270.000, 0.000)
17398713600,16.893790,(-1.7560, 1.6360, 6.6500),(0.000, 270.000, 0.000)
17412769200,16.907520,(-1.7560, 1.6360, 6.6500),(0.000, 270.000, 0.000)
17426630100,16.921390,(-1.7560, 1.6360, 6.6500),(0.000, 270.000, 0.000)
17444287200,16.939260,(-1.7560, 1.6360, 6.6500),(0.000, 270.000, 0.000)
17454710900,16.949600,(-1.7560, 1.6360, 6.6500),(0.000, 270.000, 0.000)
17468377900,16.963210,(-1.7560, 1.6360, 6.6500),(0.000, 270.000, 0.000)
17482167300,16.977220,(-1.7560, 1.6360, 6.6500),(0.000, 270.000, 0.000)
17496306900,16.990990,(-1.7560, 1.6360, 6.6500),(0.000, 270.000, 0.000)
17510239300,17.005000,(-1.7560, 1.6360, 6.6500),(0.000, 270.000, 0.000)
17523993700,17.019030,(-1.7560, 1.6360, 6.6500),(0.000, 270.000, 0.000)
17537995900,17.032780,(-1.7560, 1.6360, 6.6500),(0.000, 270.000, 0.000)
17552012500,17.046880,(-1.7560, 1.6360, 6.6500),(0.000, 270.000, 0.000)
17566013100,17.060790,(-1.7560, 1.6360, 6.6500),(0.000, 270.000, 0.000)
17579642500,17.074700,(-1.7560, 1.6360, 6.6500),(0.000, 270.000, 0.000)
17593912100,17.088710,(-1.7560, 1.6360, 6.6500),(0.000, 270.000, 0.000)
17607652900,17.102440,(-1.7560, 1.6360, 6.6500),(0.000, 270.000, 0.000)
17621509900,17.116580,(-1.7560, 1.6360, 6.6500),(0.000, 270.000, 0.000)
17635443500,17.130290,(-1.7560, 1.6360, 6.6500),(0.000, 270.000, 0.000)
17652983700,17.147730,(-1.7560, 1.6360, 6.6500),(0.000, 270.000, 0.000)
17663737900,17.158750,(-1.7560, 1.6360, 6.6500),(0.000, 270.000, 0.000)
17677316500,17.172070,(-1.7560, 1.6360, 6.6500),(0.000, 270.000, 0.000)
17691157500,17.185890,(-1.7560, 1.6360, 6.6500),(0.000, 270.000, 0.000)
17704913300,17.199940,(-1.7560, 1.6360, 6.6500),(0.000, 270.000, 0.000)
17719238500,17.213970,(-1.7560, 1.6360, 6.6500),(0.000, 270.000, 0.000)
17732846100,17.227580,(-1.7560, 1.6360, 6.6500),(0.000, 270.000, 0.000)
17747030500,17.241840,(-1.7560, 1.6360, 6.6500),(0.000, 270.000, 0.000)
17760781700,17.255730,(-1.7560, 1.6360, 6.6500),(0.000, 270.000, 0.000)
17774711200,17.269490,(-1.7560, 1.6360, 6.6500),(0.000, 270.000, 0.000)
17788802100,17.283580,(-1.7560, 1.6360, 6.6500),(0.000, 270.000, 0.000)
17802483100,17.297510,(-1.7560, 1.6360, 6.6500),(0.000, 270.000, 0.000)
17816394700,17.311160,(-1.7560, 1.6360, 6.6500),(0.000, 270.000, 0.000)
17830670400,17.325390,(-1.7560, 1.6360, 6.6500),(0.000, 270.000, 0.000)
17844163700,17.339240,(-1.7560, 1.6360, 6.6500),(0.000, 270.000, 0.000)
17861817700,17.356540,(-1.7560, 1.6360, 6.6500),(0.000, 270.000, 0.000)
17872411100,17.367250,(-1.7560, 1.6360, 6.6500),(0.000, 270.000, 0.000)
17886266700,17.381030,(-1.7560, 1.6360, 6.6500),(0.000, 270.000, 0.000)
17900200100,17.395250,(-1.7560, 1.6360, 6.6500),(0.000, 270.000, 0.000)
17914161200,17.408970,(-1.7560, 1.6360, 6.6500),(0.000, 270.000, 0.000)
17928088100,17.422920,(-1.7560, 1.6360, 6.6500),(0.000, 270.000, 0.000)
17941877600,17.436940,(-1.7560, 1.6360, 6.6500),(0.000, 270.000, 0.000)
17955872400,17.450640,(-1.7560, 1.6360, 6.6500),(0.000, 270.000, 0.000)
17969853200,17.464620,(-1.7560, 1.6360, 6.6500),(0.000, 270.000, 0.000)
17983584100,17.478640,(-1.7560, 1.6360, 6.6500),(0.000, 270.000, 0.000)
17997585100,17.492380,(-1.7560, 1.6360, 6.6500),(0.000, 270.000, 0.000)
18011798700,17.506580,(-1.7560, 1.6360, 6.6500),(0.000, 270.000, 0.000)
18025406500,17.520250,(-1.7560, 1.6360, 6.6500),(0.000, 270.000, 0.000)
18039184100,17.534230,(-1.7560, 1.6360, 6.6500),(0.000, 270.000, 0.000)
18053214000,17.548020,(-1.7560, 1.6360, 6.6500),(0.000, 270.000, 0.000)
18070810900,17.565530,(-1.7560, 1.6360, 6.6500),(0.000, 270.000, 0.000)
18081469300,17.576450,(-1.7560, 1.6360, 6.6500),(0.000, 270.000, 0.000)
18094878900,17.589680,(-1.7560, 1.6360, 6.6500),(0.000, 270.000, 0.000)
18109236100,17.603980,(-1.7560, 1.6360, 6.6500),(0.000, 270.000, 0.000)
18122621600,17.617660,(-1.7560, 1.6360, 6.6500),(0.000, 270.000, 0.000)
18136936100,17.631720,(-1.7560, 1.6360, 6.6500),(0.000, 270.000, 0.000)
18150765300,17.645540,(-1.7560, 1.6360, 6.6500),(0.000, 270.000, 0.000)
18164757300,17.659770,(-1.7560, 1.6360, 6.6500),(0.000, 270.000, 0.000)
18178672900,17.673460,(-1.7560, 1.6360, 6.6500),(0.000, 270.000, 0.000)
18192708300,17.687520,(-1.7560, 1.6360, 6.6500),(0.000, 270.000, 0.000)
18206407600,17.701220,(-1.7560, 1.6360, 6.6500),(0.000, 270.000, 0.000)
18220244900,17.715260,(-1.7560, 1.6360, 6.6500),(0.000, 270.000, 0.000)
18234252800,17.729060,(-1.7560, 1.6360, 6.6500),(0.000, 270.000, 0.000)
18248292400,17.743080,(-1.7560, 1.6360, 6.6500),(0.000, 270.000, 0.000)
18262023500,17.757110,(-1.7560, 1.6360, 6.6500),(0.000, 270.000, 0.000)
18279823300,17.774520,(-1.7560, 1.6360, 6.6500),(0.000, 270.000, 0.000)
18290245700,17.785040,(-1.7560, 1.6360, 6.6500),(0.000, 270.000, 0.000)
18303854000,17.798910,(-1.7560, 1.6360, 6.6500),(0.000, 270.000, 0.000)
18317991600,17.812790,(-1.7560, 1.6360, 6.6500),(0.000, 270.000, 0.000)
18331899100,17.826620,(-1.7560, 1.6360, 6.6500),(0.000, 270.000, 0.000)
18345713100,17.840520,(-1.7560, 1.6360, 6.6500),(0.000, 270.000, 0.000)
18359704100,17.854740,(-1.7560, 1.6360, 6.6500),(0.000, 270.000, 0.000)
18373779200,17.868500,(-1.7560, 1.6360, 6.6500),(0.000, 270.000, 0.000)
18387749200,17.882460,(-1.7560, 1.6360, 6.6500),(0.000, 270.000, 0.000)
18401151200,17.896220,(-1.7560, 1.6360, 6.6500),(0.000, 270.000, 0.000)
18415395300,17.910140,(-1.7560, 1.6360, 6.6500),(0.000, 270.000, 0.000)
18429520400,17.924300,(-1.7560, 1.6360, 6.6500),(0.000, 270.000, 0.000)
18442995600,17.938040,(-1.7560, 1.6360, 6.6500),(0.000, 270.000, 0.000)
18457238100,17.952030,(-1.7560, 1.6360, 6.6500),(0.000, 270.000, 0.000)
18471317200,17.966080,(-1.7560, 1.6360, 6.6500),(0.000, 270.000, 0.000)
18488819600,17.983590,(-1.7560, 1.6360, 6.6500),(0.000, 270.000, 0.000)
18499197300,17.994240,(-1.7560, 1.6360, 6.6500),(0.000, 270.000, 0.000)
18512942300,18.007730,(-1.7560, 1.6360, 6.6500),(0.000, 270.000, 0.000)
18527016900,18.021720,(-1.7560, 1.6360, 6.6500),(0.000, 270.000, 0.000)
18540517600,18.035570,(-1.7560, 1.6360, 6.6500),(0.000, 270.000, 0.000)
18554721700,18.049500,(-1.7560, 1.6360, 6.6500),(0.000, 270.000, 0.000)
18568776100,18.063490,(-1.7560, 1.6360, 6.6500),(0.000, 270.000, 0.000)
18582542400,18.077590,(-1.7560, 1.6360, 6.6500),(0.000, 270.000, 0.000)
18596267200,18.091100,(-1.7560, 1.6360, 6.6500),(0.000, 270.000, 0.000)
18610319500,18.105090,(-1.7560, 1.6360, 6.6500),(0.000, 270.000, 0.000)
18624241700,18.119260,(-1.7560, 1.6360, 6.6500),(0.000, 270.000, 0.000)
18638224900,18.133050,(-1.7560, 1.6360, 6.6500),(0.000, 270.000, 0.000)
18652289700,18.147030,(-1.7560, 1.6360, 6.6500),(0.000, 270.000, 0.000)
18666117700,18.160850,(-1.7560, 1.6360, 6.6500),(0.000, 270.000, 0.000)
18680102500,18.175120,(-1.7560, 1.6360, 6.6500),(0.000, 270.000, 0.000)
18697822700,18.192560,(-1.7560, 1.6360, 6.6500),(0.000, 270.000, 0.000)
18707851300,18.202660,(-1.7560, 1.6360, 6.6500),(0.000, 270.000, 0.000)
18721656800,18.216720,(-1.7560, 1.6360, 6.6500),(0.000, 270.000, 0.000)
18735890500,18.230670,(-1.7560, 1.6360, 6.6500),(0.000, 270.000, 0.000)
18749738100,18.244530,(-1.7560, 1.6360, 6.6500),(0.000, 270.000, 0.000)
18763328100,18.258360,(-1.7560, 1.6360, 6.6500),(0.000, 270.000, 0.000)
18777610500,18.272440,(-1.7560, 1.6360, 6.6500),(0.000, 270.000, 0.000)
18791588100,18.286270,(-1.7560, 1.6360, 6.6500),(0.000, 270.000, 0.000)
18805210500,18.300050,(-1.7560, 1.6360, 6.6500),(0.000, 270.000, 0.000)
18819028100,18.314040,(-1.7560, 1.6360, 6.6500),(0.000, 270.000, 0.000)
18833186500,18.328020,(-1.7560, 1.6360, 6.6500),(0.000, 270.000, 0.000)
18847286700,18.342060,(-1.7560, 1.6360, 6.6500),(0.000, 270.000, 0.000)
18860922800,18.355930,(-1.7560, 1.6360, 6.6500),(0.000, 270.000, 0.000)
18875246500,18.370020,(-1.7560, 1.6360, 6.6500),(0.000, 270.000, 0.000)
18889314500,18.384040,(-1.7560, 1.6360, 6.6500),(0.000, 270.000, 0.000)
18906630900,18.401330,(-1.7560, 1.6360, 6.6500),(0.000, 270.000, 0.000)
18916523200,18.411630,(-1.7560, 1.6360, 6.6500),(0.000, 270.000, 0.000)
18930888000,18.425600,(-1.7560, 1.6360, 6.6500),(0.000, 270.000, 0.000)
18944784900,18.439810,(-1.7560, 1.6360, 6.6500),(0.000, 270.000, 0.000)
18958591300,18.453260,(-1.7560, 1.6360, 6.6500),(0.000, 270.000, 0.000)
18972686500,18.467390,(-1.7560, 1.6360, 6.6500),(0.000, 270.000, 0.000)
18986569300,18.481290,(-1.7560, 1.6360, 6.6500),(0.000, 270.000, 0.000)
19000146700,18.495250,(-1.7560, 1.6360, 6.6500),(0.000, 270.000, 0.000)
19014268100,18.509070,(-1.7560, 1.6360, 6.6500),(0.000, 270.000, 0.000)
19028430100,18.523070,(-1.7560, 1.6360, 6.6500),(0.000, 270.000, 0.000)
19042038100,18.537100,(-1.7560, 1.6360, 6.6500),(0.000, 270.000, 0.000)
19056161500,18.550910,(-1.7560, 1.6360, 6.6500),(0.000, 270.000, 0.000)
19070136900,18.564850,(-1.7560, 1.6360, 6.6500),(0.000, 270.000, 0.000)
19083834800,18.578870,(-1.7560, 1.6360, 6.6500),(0.000, 270.000, 0.000)
19097999700,18.592760,(-1.7560, 1.6360, 6.6500),(0.000, 270.000, 0.000)
19115802100,18.610510,(-1.7560, 1.6360, 6.6500),(0.000, 270.000, 0.000)
19125993300,18.620670,(-1.7560, 1.6360, 6.6500),(0.000, 270.000, 0.000)
19139475700,18.634510,(-1.7560, 1.6360, 6.6500),(0.000, 270.000, 0.000)
19153686900,18.648440,(-1.7560, 1.6360, 6.6500),(0.000, 270.000, 0.000)
19167521500,18.662240,(-1.7560, 1.6360, 6.6500),(0.000, 270.000, 0.000)
19181276700,18.676270,(-1.7560, 1.6360, 6.6500),(0.000, 270.000, 0.000)
19195273300,18.690100,(-1.7560, 1.6360, 6.6500),(0.000, 270.000, 0.000)
19209549900,18.704290,(-1.7560, 1.6360, 6.6500),(0.000, 270.000, 0.000)
19223046100,18.718080,(-1.7560, 1.6360, 6.6500),(0.000, 270.000, 0.000)
19237278100,18.732030,(-1.7560, 1.6360, 6.6500),(0.000, 270.000, 0.000)
19251284900,18.746040,(-1.7560, 1.6360, 6.6500),(0.000, 270.000, 0.000)
19264538400,18.759610,(-1.7560, 1.6360, 6.6500),(0.000, 270.000, 0.000)
19278827300,18.773610,(-1.7560, 1.6360, 6.6500),(0.000, 270.000, 0.000)
19292913900,18.787580,(-1.7560, 1.6360, 6.6500),(0.000, 270.000, 0.000)
19306872400,18.801660,(-1.7560, 1.6360, 6.6500),(0.000, 270.000, 0.000)
19324244100,18.819280,(-1.7560, 1.6360, 6.6500),(0.000, 270.000, 0.000)
19334705200,18.829480,(-1.7560, 1.6360, 6.6500),(0.000, 270.000, 0.000)
19348882700,18.843580,(-1.7560, 1.6360, 6.6500),(0.000, 270.000, 0.000)
19362194500,18.857260,(-1.7560, 1.6360, 6.6500),(0.000, 270.000, 0.000)
19376395100,18.871190,(-1.7560, 1.6360, 6.6500),(0.000, 270.000, 0.000)
19390332900,18.885110,(-1.7560, 1.6360, 6.6500),(0.000, 270.000, 0.000)
19404302300,18.899280,(-1.7560, 1.6360, 6.6500),(0.000, 270.000, 0.000)
19418220800,18.913020,(-1.7560, 1.6360, 6.6500),(0.000, 270.000, 0.000)
19431926500,18.926700,(-1.7560, 1.6360, 6.6500),(0.000, 270.000, 0.000)
19446076900,18.940860,(-1.7560, 1.6360, 6.6500),(0.000, 270.000, 0.000)
19459784100,18.954800,(-1.7560, 1.6360, 6.6500),(0.000, 270.000, 0.000)
19473758700,18.968540,(-1.7560, 1.6360, 6.6500),(0.000, 270.000, 0.000)
19488014500,18.982790,(-1.7560, 1.6360, 6.6500),(0.000, 270.000, 0.000)
19501746300,18.996800,(-1.7560, 1.6360, 6.6500),(0.000, 270.000, 0.000)
19515726100,19.010400,(-1.7560, 1.6360, 6.6500),(0.000, 270.000, 0.000)
19533560100,19.028360,(-1.7560, 1.6360, 6.6500),(0.000, 270.000, 0.000)
19543579300,19.038650,(-1.7560, 1.6360, 6.6500),(0.000, 270.000, 0.000)
19557689300,19.052460,(-1.7560, 1.6360, 6.6500),(0.000, 270.000, 0.000)
19571426500,19.066180,(-1.7560, 1.6360, 6.6500),(0.000, 270.000, 0.000)
19585245100,19.080050,(-1.7560, 1.6360, 6.6500),(0.000, 270.000, 0.000)
19599037300,19.094090,(-1.7560, 1.6360, 6.6500),(0.000, 270.000, 0.000)
19613426500,19.108160,(-1.7560, 1.6360, 6.6500),(0.000, 270.000, 0.000)
19627050300,19.121820,(-1.7560, 1.6360, 6.6500),(0.000, 270.000, 0.000)
19640851600,19.135910,(-1.7560, 1.6360, 6.6500),(0.000, 270.000, 0.000)
19655018100,19.149830,(-1.7560, 1.6360, 6.6500),(0.000, 270.000, 0.000)
19668926400,19.163730,(-1.7560, 1.6360, 6.6500),(0.000, 270.000, 0.000)
19682801100,19.177840,(-1.7560, 1.6360, 6.6500),(0.000, 270.000, 0.000)
19696866700,19.191600,(-1.7560, 1.6360, 6.6500),(0.000, 270.000, 0.000)
19711072400,19.205840,(-1.7560, 1.6360, 6.6500),(0.000, 270.000, 0.000)
19724517700,19.219510,(-1.7560, 1.6360, 6.6500),(0.000, 270.000, 0.000)
19742259300,19.236980,(-1.7560, 1.6360, 6.6500),(0.000, 270.000, 0.000)
19752828300,19.247520,(-1.7560, 1.6360, 6.6500),(0.000, 270.000, 0.000)
19766448100,19.261200,(-1.7560, 1.6360, 6.6500),(0.000, 270.000, 0.000)
19780162100,19.275120,(-1.7560, 1.6360, 6.6500),(0.000, 270.000, 0.000)
19794291300,19.289050,(-1.7560, 1.6360, 6.6500),(0.000, 270.000, 0.000)
19808430100,19.303150,(-1.7560, 1.6360, 6.6500),(0.000, 270.000, 0.000)
19821875300,19.316950,(-1.7560, 1.6360, 6.6500),(0.000, 270.000, 0.000)
19835924800,19.330660,(-1.7560, 1.6360, 6.6500),(0.000, 270.000, 0.000)
19850045700,19.344820,(-1.7560, 1.6360, 6.6500),(0.000, 270.000, 0.000)
19863664900,19.358740,(-1.7560, 1.6360, 6.6500),(0.000, 270.000, 0.000)
19877803700,19.372580,(-1.7560, 1.6360, 6.6500),(0.000, 270.000, 0.000)
19891702500,19.386480,(-1.7560, 1.6360, 6.6500),(0.000, 270.000, 0.000)
19905859900,19.400600,(-1.7560, 1.6360, 6.6500),(0.000, 270.000, 0.000)
19919194100,19.414280,(-1.7560, 1.6360, 6.6500),(0.000, 270.000, 0.000)
19933576900,19.428430,(-1.7560, 1.6360, 6.6500),(0.000, 270.000, 0.000)
19951151300,19.445870,(-1.7560, 1.6360, 6.6500),(0.000, 270.000, 0.000)
19961036500,19.456160,(-1.7560, 1.6360, 6.6500),(0.000, 270.000, 0.000)
19975236100,19.470050,(-1.7560, 1.6360, 6.6500),(0.000, 270.000, 0.000)
19989260400,19.484080,(-1.7560, 1.6360, 6.6500),(0.000, 270.000, 0.000)
20003103500,19.498140,(-1.7560, 1.6360, 6.6500),(0.000, 270.000, 0.000)
20016979600,19.511710,(-1.7560, 1.6360, 6.6500),(0.000, 270.000, 0.000)
20031140500,19.525960,(-1.7560, 1.6360, 6.6500),(0.000, 270.000, 0.000)
20044816100,19.539850,(-1.7560, 1.6360, 6.6500),(0.000, 270.000, 0.000)
20058882700,19.553610,(-1.7560, 1.6360, 6.6500),(0.000, 270.000, 0.000)
20072872000,19.567640,(-1.7560, 1.6360, 6.6500),(0.000, 270.000, 0.000)
20086788400,19.581580,(-1.7560, 1.6360, 6.6500),(0.000, 270.000, 0.000)
20100840500,19.595900,(-1.7560, 1.6360, 6.6500),(0.000, 270.000, 0.000)
20114371300,19.609180,(-1.7560, 1.6360, 6.6500),(0.000, 270.000, 0.000)
20128563300,19.623290,(-1.7560, 1.6360, 6.6500),(0.000, 270.000, 0.000)
20142379900,19.637410,(-1.7560, 1.6360, 6.6500),(0.000, 270.000, 0.000)
20160180900,19.654900,(-1.7560, 1.6360, 6.6500),(0.000, 270.000, 0.000)
20170528100,19.665330,(-1.7560, 1.6360, 6.6500),(0.000, 270.000, 0.000)
20183898900,19.678970,(-1.7560, 1.6360, 6.6500),(0.000, 270.000, 0.000)
20198612500,19.693220,(-1.7560, 1.6360, 6.6500),(0.000, 270.000, 0.000)
20211989600,19.706750,(-1.7560, 1.6360, 6.6500),(0.000, 270.000, 0.000)
20225989200,19.720760,(-1.7560, 1.6360, 6.6500),(0.000, 270.000, 0.000)
20239815900,19.734770,(-1.7560, 1.6360, 6.6500),(0.000, 270.000, 0.000)
20253843700,19.748650,(-1.7560, 1.6360, 6.6500),(0.000, 270.000, 0.000)
20267810300,19.762590,(-1.7560, 1.6360, 6.6500),(0.000, 270.000, 0.000)
20281758900,19.776780,(-1.7560, 1.6360, 6.6500),(0.000, 270.000, 0.000)
20295446100,19.790310,(-1.7560, 1.6360, 6.6500),(0.000, 270.000, 0.000)
20309548900,19.804380,(-1.7560, 1.6360, 6.6500),(0.000, 270.000, 0.000)
20323597900,19.818630,(-1.7560, 1.6360, 6.6500),(0.000, 270.000, 0.000)
20337200500,19.832000,(-1.7560, 1.6360, 6.6500),(0.000, 270.000, 0.000)
20351362900,19.846160,(-1.7560, 1.6360, 6.6500),(0.000, 270.000, 0.000)
20369143500,19.863910,(-1.7560, 1.6360, 6.6500),(0.000, 270.000, 0.000)
20379050100,19.874130,(-1.7560, 1.6360, 6.6500),(0.000, 270.000, 0.000)
20392992400,19.887760,(-1.7560, 1.6360, 6.6500),(0.000, 270.000, 0.000)
20407200100,19.901930,(-1.7560, 1.6360, 6.6500),(0.000, 270.000, 0.000)
20420764800,19.915810,(-1.7560, 1.6360, 6.6500),(0.000, 270.000, 0.000)
20435005700,19.929730,(-1.7560, 1.6360, 6.6500),(0.000, 270.000, 0.000)
20449111700,19.943860,(-1.7560, 1.6360, 6.6500),(0.000, 270.000, 0.000)
20462820300,19.957850,(-1.7560, 1.6360, 6.6500),(0.000, 270.000, 0.000)
20476833900,19.971660,(-1.7560, 1.6360, 6.6500),(0.000, 270.000, 0.000)
20490638900,19.985390,(-1.7560, 1.6360, 6.6500),(0.000, 270.000, 0.000)
20504280500,19.999320,(-1.7560, 1.6360, 6.6500),(0.000, 270.000, 0.000)
20518369100,20.013190,(-1.7560, 1.6360, 6.6500),(0.000, 270.000, 0.000)
20532700900,20.027410,(-1.7560, 1.6360, 6.6500),(0.000, 270.000, 0.000)
20546703900,20.041420,(-1.7560, 1.6360, 6.6500),(0.000, 270.000, 0.000)
20560038900,20.055100,(-1.7560, 1.6360, 6.6500),(0.000, 270.000, 0.000)
20578409200,20.073130,(-1.7560, 1.6360, 6.6500),(0.000, 270.000, 0.000)
20588356000,20.083020,(-1.7560, 1.6360, 6.6500),(0.000, 270.000, 0.000)
20601959100,20.096990,(-1.7560, 1.6360, 6.6500),(0.000, 270.000, 0.000)
20616134700,20.110850,(-1.7560, 1.6360, 6.6500),(0.000, 270.000, 0.000)
20630303700,20.124980,(-1.7560, 1.6360, 6.6500),(0.000, 270.000, 0.000)
20643779300,20.138820,(-1.7560, 1.6360, 6.6500),(0.000, 270.000, 0.000)
20657582500,20.152360,(-1.7560, 1.6360, 6.6500),(0.000, 270.000, 0.000)
20671634000,20.166370,(-1.7560, 1.6360, 6.6500),(0.000, 270.000, 0.000)
20685669100,20.180410,(-1.7560, 1.6360, 6.6500),(0.000, 270.000, 0.000)
20699248400,20.194290,(-1.7560, 1.6360, 6.6500),(0.000, 270.000, 0.000)
20713506000,20.208260,(-1.7560, 1.6360, 6.6500),(0.000, 270.000, 0.000)
20727553900,20.222260,(-1.7560, 1.6360, 6.6500),(0.000, 270.000, 0.000)
20741142900,20.236180,(-1.7560, 1.6360, 6.6500),(0.000, 270.000, 0.000)
20755412100,20.250240,(-1.7560, 1.6360, 6.6500),(0.000, 270.000, 0.000)
20769265700,20.263980,(-1.7560, 1.6360, 6.6500),(0.000, 270.000, 0.000)
20787446900,20.282140,(-1.7560, 1.6360, 6.6500),(0.000, 270.000, 0.000)
20796849300,20.291940,(-1.7560, 1.6360, 6.6500),(0.000, 270.000, 0.000)
20810709100,20.305520,(-1.7560, 1.6360, 6.6500),(0.000, 270.000, 0.000)
20824878900,20.319870,(-1.7560, 1.6360, 6.6500),(0.000, 270.000, 0.000)
20838790100,20.333550,(-1.7560, 1.6360, 6.6500),(0.000, 270.000, 0.000)
20852797900,20.347610,(-1.7560, 1.6360, 6.6500),(0.000, 270.000, 0.000)
20866720500,20.361510,(-1.7560, 1.6360, 6.6500),(0.000, 270.000, 0.000)
20880299100,20.375350,(-1.7560, 1.6360, 6.6500),(0.000, 270.000, 0.000)
20894565900,20.389340,(-1.7560, 1.6360, 6.6500),(0.000, 270.000, 0.000)
20908683500,20.403410,(-1.7560, 1.6360, 6.6500),(0.000, 270.000, 0.000)
20922175700,20.417230,(-1.7560, 1.6360, 6.6500),(0.000, 270.000, 0.000)
20936232800,20.431090,(-1.7560, 1.6360, 6.6500),(0.000, 270.000, 0.000)
20950349600,20.445150,(-1.7560, 1.6360, 6.6500),(0.000, 270.000, 0.000)
20963979300,20.459050,(-1.7560, 1.6360, 6.6500),(0.000, 270.000, 0.000)
20978257300,20.473050,(-1.7560, 1.6360, 6.6500),(0.000, 270.000, 0.000)
20996320100,20.491050,(-1.7560, 1.6360, 6.6500),(0.000, 270.000, 0.000)
21006495700,20.501230,(-1.7560, 1.6360, 6.6500),(0.000, 270.000, 0.000)
21019889600,20.514850,(-1.7560, 1.6360, 6.6500),(0.000, 270.000, 0.000)
21033739700,20.528520,(-1.7560, 1.6360, 6.6500),(0.000, 270.000, 0.000)
21047834800,20.542600,(-1.7560, 1.6360, 6.6500),(0.000, 270.000, 0.000)
21061554100,20.556600,(-1.7560, 1.6360, 6.6500),(0.000, 270.000, 0.000)
21075547900,20.570340,(-1.7560, 1.6360, 6.6500),(0.000, 270.000, 0.000)
21089643600,20.584380,(-1.7560, 1.6360, 6.6500),(0.000, 270.000, 0.000)
21103372900,20.598440,(-1.7560, 1.6360, 6.6500),(0.000, 270.000, 0.000)
21117188900,20.612010,(-1.7560, 1.6360, 6.6500),(0.000, 270.000, 0.000)
21131406100,20.626090,(-1.7560, 1.6360, 6.6500),(0.000, 270.000, 0.000)
21145309900,20.640070,(-1.7560, 1.6360, 6.6500),(0.000, 270.000, 0.000)
21158906000,20.653970,(-1.7560, 1.6360, 6.6500),(0.000, 270.000, 0.000)
21173194500,20.667940,(-1.7560, 1.6360, 6.6500),(0.000, 270.000, 0.000)
21187105700,20.681910,(-1.7560, 1.6360, 6.6500),(0.000, 270.000, 0.000)
21204672700,20.699720,(-1.7560, 1.6360, 6.6500),(0.000, 270.000, 0.000)
21215149200,20.709960,(-1.7560, 1.6360, 6.6500),(0.000, 270.000, 0.000)
21228845100,20.723640,(-1.7560, 1.6360, 6.6500),(0.000, 270.000, 0.000)
21242327700,20.737390,(-1.7560, 1.6360, 6.6500),(0.000, 270.000, 0.000)
21256810900,20.751640,(-1.7560, 1.6360, 6.6500),(0.000, 270.000, 0.000)
21270542300,20.765380,(-1.7560, 1.6360, 6.6500),(0.000, 270.000, 0.000)
21284075700,20.779180,(-1.7560, 1.6360, 6.6500),(0.000, 270.000, 0.000)
21298274400,20.793120,(-1.7560, 1.6360, 6.6500),(0.000, 270.000, 0.000)
21312519600,20.807270,(-1.7560, 1.6360, 6.6500),(0.000, 270.000, 0.000)
21326314800,20.821130,(-1.7560, 1.6360, 6.6500),(0.000, 270.000, 0.000)
21340045300,20.835100,(-1.7560, 1.6360, 6.6500),(0.000, 270.000, 0.000)
21354312000,20.849080,(-1.7560, 1.6360, 6.6500),(0.000, 270.000, 0.000)
21368292400,20.863060,(-1.7560, 1.6360, 6.6500),(0.000, 270.000, 0.000)
21381584800,20.876690,(-1.7560, 1.6360, 6.6500),(0.000, 270.000, 0.000)
21395802100,20.890630,(-1.7560, 1.6360, 6.6500),(0.000, 270.000, 0.000)
21414024500,20.908790,(-1.7560, 1.6360, 6.6500),(0.000, 270.000, 0.000)
21423878500,20.919010,(-1.7560, 1.6360, 6.6500),(0.000, 270.000, 0.000)
21437649600,20.932470,(-1.7560, 1.6360, 6.6500),(0.000, 270.000, 0.000)
21451951500,20.946800,(-1.7560, 1.6360, 6.6500),(0.000, 270.000, 0.000)
21465658300,20.960440,(-1.7560, 1.6360, 6.6500),(0.000, 270.000, 0.000)
21479096500,20.974140,(-1.7560, 1.6360, 6.6500),(0.000, 270.000, 0.000)
21493468400,20.988260,(-1.7560, 1.6360, 6.6500),(0.000, 270.000, 0.000)
21507178400,21.001980,(-1.7560, 1.6360, 6.6500),(0.000, 270.000, 0.000)
21521108400,21.016150,(-1.7560, 1.6360, 6.6500),(0.000, 270.000, 0.000)
21535291700,21.030090,(-1.7560, 1.6360, 6.6500),(0.000, 270.000, 0.000)
21549292500,21.044050,(-1.7560, 1.6360, 6.6500),(0.000, 270.000, 0.000)
21562864900,21.057910,(-1.7560, 1.6360, 6.6500),(0.000, 270.000, 0.000)
21576984300,21.071790,(-1.7560, 1.6360, 6.6500),(0.000, 270.000, 0.000)
21590931900,21.085730,(-1.7560, 1.6360, 6.6500),(0.000, 270.000, 0.000)
21604655700,21.099720,(-1.7560, 1.6360, 6.6500),(0.000, 270.000, 0.000)
21622918500,21.117630,(-1.7560, 1.6360, 6.6500),(0.000, 270.000, 0.000)
21633109300,21.127830,(-1.7560, 1.6360, 6.6500),(0.000, 270.000, 0.000)
21646545100,21.141350,(-1.7560, 1.6360, 6.6500),(0.000, 270.000, 0.000)
21660130100,21.155160,(-1.7560, 1.6360, 6.6500),(0.000, 270.000, 0.000)
21674581700,21.169340,(-1.7560, 1.6360, 6.6500),(0.000, 270.000, 0.000)
21688440100,21.183240,(-1.7560, 1.6360, 6.6500),(0.000, 270.000, 0.000)
21702157300,21.197220,(-1.7560, 1.6360, 6.6500),(0.000, 270.000, 0.000)
21716242100,21.210990,(-1.7560, 1.6360, 6.6500),(0.000, 270.000, 0.000)
21730251100,21.225060,(-1.7560, 1.6360, 6.6500),(0.000, 270.000, 0.000)
21744027900,21.239090,(-1.7560, 1.6360, 6.6500),(0.000, 270.000, 0.000)
21758114800,21.252920,(-1.7560, 1.6360, 6.6500),(0.000, 270.000, 0.000)
21771799900,21.266590,(-1.7560, 1.6360, 6.6500),(0.000, 270.000, 0.000)
21785869300,21.280670,(-1.7560, 1.6360, 6.6500),(0.000, 270.000, 0.000)
21799353300,21.294460,(-1.7560, 1.6360, 6.6500),(0.000, 270.000, 0.000)
21813590500,21.308410,(-1.7560, 1.6360, 6.6500),(0.000, 270.000, 0.000)
21831980100,21.326730,(-1.7560, 1.6360, 6.6500),(0.000, 270.000, 0.000)
21841947700,21.336900,(-1.7560, 1.6360, 6.6500),(0.000, 270.000, 0.000)
21855495700,21.350300,(-1.7560, 1.6360, 6.6500),(0.000, 270.000, 0.000)
21869452500,21.364270,(-1.7560, 1.6360, 6.6500),(0.000, 270.000, 0.000)
21883248100,21.378290,(-1.7560, 1.6360, 6.6500),(0.000, 270.000, 0.000)
21897306900,21.392080,(-1.7560, 1.6360, 6.6500),(0.000, 270.000, 0.000)
21911326800,21.406040,(-1.7560, 1.6360, 6.6500),(0.000, 270.000, 0.000)
21925335300,21.420100,(-1.7560, 1.6360, 6.6500),(0.000, 270.000, 0.000)
21938794500,21.433960,(-1.7560, 1.6360, 6.6500),(0.000, 270.000, 0.000)
21953012000,21.447820,(-1.7560, 1.6360, 6.6500),(0.000, 270.000, 0.000)
21967090000,21.461880,(-1.7560, 1.6360, 6.6500),(0.000, 270.000, 0.000)
21980739200,21.475800,(-1.7560, 1.6360, 6.6500),(0.000, 270.000, 0.000)
21994658900,21.489520,(-1.7560, 1.6360, 6.6500),(0.000, 270.000, 0.000)
22008874000,21.503670,(-1.7560, 1.6360, 6.6500),(0.000, 270.000, 0.000)
22022910000,21.517960,(-1.7560, 1.6360, 6.6500),(0.000, 270.000, 0.000)
22041024500,21.535770,(-1.7560, 1.6360, 6.6500),(0.000, 270.000, 0.000)
22050682100,21.545410,(-1.7560, 1.6360, 6.6500),(0.000, 270.000, 0.000)
22064185100,21.559250,(-1.7560, 1.6360, 6.6500),(0.000, 270.000, 0.000)
22078350100,21.573150,(-1.7560, 1.6360, 6.6500),(0.000, 270.000, 0.000)
22092423700,21.587220,(-1.7560, 1.6360, 6.6500),(0.000, 270.000, 0.000)
22106384500,21.601200,(-1.7560, 1.6360, 6.6500),(0.000, 270.000, 0.000)
22120509100,21.615440,(-1.7560, 1.6360, 6.6500),(0.000, 270.000, 0.000)
22134166800,21.628890,(-1.7560, 1.6360, 6.6500),(0.000, 270.000, 0.000)
22148178100,21.642950,(-1.7560, 1.6360, 6.6500),(0.000, 270.000, 0.000)
22161650500,21.656700,(-1.7560, 1.6360, 6.6500),(0.000, 270.000, 0.000)
22175838300,21.670620,(-1.7560, 1.6360, 6.6500),(0.000, 270.000, 0.000)
22189926500,21.684710,(-1.7560, 1.6360, 6.6500),(0.000, 270.000, 0.000)
22203583900,21.698640,(-1.7560, 1.6360, 6.6500),(0.000, 270.000, 0.000)
22217708700,21.712510,(-1.7560, 1.6360, 6.6500),(0.000, 270.000, 0.000)
22231638100,21.726390,(-1.7560, 1.6360, 6.6500),(0.000, 270.000, 0.000)
22249599300,21.744390,(-1.7560, 1.6360, 6.6500),(0.000, 270.000, 0.000)
22259131200,21.754210,(-1.7560, 1.6360, 6.6500),(0.000, 270.000, 0.000)
22273376800,21.768170,(-1.7560, 1.6360, 6.6500),(0.000, 270.000, 0.000)
22287394100,21.782190,(-1.7560, 1.6360, 6.6500),(0.000, 270.000, 0.000)
22301110400,21.796130,(-1.7560, 1.6360, 6.6500),(0.000, 270.000, 0.000)
22315242900,21.810050,(-1.7560, 1.6360, 6.6500),(0.000, 270.000, 0.000)
22329328500,21.824110,(-1.7560, 1.6360, 6.6500),(0.000, 270.000, 0.000)
22342805500,21.837860,(-1.7560, 1.6360, 6.6500),(0.000, 270.000, 0.000)
22356952000,21.851760,(-1.7560, 1.6360, 6.6500),(0.000, 270.000, 0.000)
22370685100,21.865510,(-1.7560, 1.6360, 6.6500),(0.000, 270.000, 0.000)
22384604500,21.879640,(-1.7560, 1.6360, 6.6500),(0.000, 270.000, 0.000)
22398868900,21.893630,(-1.7560, 1.6360, 6.6500),(0.000, 270.000, 0.000)
22412756400,21.907580,(-1.7560, 1.6360, 6.6500),(0.000, 270.000, 0.000)
22426706500,21.921490,(-1.7560, 1.6360, 6.6500),(0.000, 270.000, 0.000)
22440402100,21.935330,(-1.7560, 1.6360, 6.6500),(0.000, 270.000, 0.000)
22458762100,21.953500,(-1.7560, 1.6360, 6.6500),(0.000, 270.000, 0.000)
22468529100,21.963330,(-1.7560, 1.6360, 6.6500),(0.000, 270.000, 0.000)
22482196900,21.977240,(-1.7560, 1.6360, 6.6500),(0.000, 270.000, 0.000)
22496191300,21.990960,(-1.7560, 1.6360, 6.6500),(0.000, 270.000, 0.000)
22510407600,22.005180,(-1.7560, 1.6360, 6.6500),(0.000, 270.000, 0.000)
22523887100,22.018960,(-1.7560, 1.6360, 6.6500),(0.000, 270.000, 0.000)
22538081500,22.032870,(-1.7560, 1.6360, 6.6500),(0.000, 270.000, 0.000)
22551930100,22.046710,(-1.7560, 1.6360, 6.6500),(0.000, 270.000, 0.000)
22565850100,22.060640,(-1.7560, 1.6360, 6.6500),(0.000, 270.000, 0.000)
22579508000,22.074570,(-1.7560, 1.6360, 6.6500),(0.000, 270.000, 0.000)
22593979700,22.088720,(-1.7560, 1.6360, 6.6500),(0.000, 270.000, 0.000)
22607783700,22.102460,(-1.7560, 1.6360, 6.6500),(0.000, 270.000, 0.000)
22621388900,22.116420,(-1.7560, 1.6360, 6.6500),(0.000, 270.000, 0.000)
22635420300,22.130150,(-1.7560, 1.6360, 6.6500),(0.000, 270.000, 0.000)
22649745600,22.144470,(-1.7560, 1.6360, 6.6500),(0.000, 270.000, 0.000)
22667731900,22.162470,(-1.7560, 1.6360, 6.6500),(0.000, 270.000, 0.000)
22677076800,22.172150,(-1.7560, 1.6360, 6.6500),(0.000, 270.000, 0.000)
22691218100,22.185980,(-1.7560, 1.6360, 6.6500),(0.000, 270.000, 0.000)
22705276100,22.200000,(-1.7560, 1.6360, 6.6500),(0.000, 270.000, 0.000)
22718718300,22.213880,(-1.7560, 1.6360, 6.6500),(0.000, 270.000, 0.000)
22733272500,22.227910,(-1.7560, 1.6360, 6.6500),(0.000, 270.000, 0.000)
22746870300,22.241700,(-1.7560, 1.6360, 6.6500),(0.000, 270.000, 0.000)
22760512100,22.255580,(-1.7560, 1.6360, 6.6500),(0.000, 270.000, 0.000)
22774955500,22.269760,(-1.7560, 1.6360, 6.6500),(0.000, 270.000, 0.000)
22788775500,22.283540,(-1.7560, 1.6360, 6.6500),(0.000, 270.000, 0.000)
22802412100,22.297470,(-1.7560, 1.6360, 6.6500),(0.000, 270.000, 0.000)
22816786900,22.311480,(-1.7560, 1.6360, 6.6500),(0.000, 270.000, 0.000)
22830761900,22.325550,(-1.7560, 1.6360, 6.6500),(0.000, 270.000, 0.000)
22844141500,22.339150,(-1.7560, 1.6360, 6.6500),(0.000, 270.000, 0.000)
22858506100,22.353240,(-1.7560, 1.6360, 6.6500),(0.000, 270.000, 0.000)
22876560700,22.371310,(-1.7560, 1.6360, 6.6500),(0.000, 270.000, 0.000)
22886202500,22.381030,(-1.7560, 1.6360, 6.6500),(0.000, 270.000, 0.000)
22900049700,22.395070,(-1.7560, 1.6360, 6.6500),(0.000, 270.000, 0.000)
22914002800,22.408790,(-1.7560, 1.6360, 6.6500),(0.000, 270.000, 0.000)
22927887100,22.422710,(-1.7560, 1.6360, 6.6500),(0.000, 270.000, 0.000)
22941673300,22.436740,(-1.7560, 1.6360, 6.6500),(0.000, 270.000, 0.000)
22955812500,22.450620,(-1.7560, 1.6360, 6.6500),(0.000, 270.000, 0.000)
22969997900,22.464790,(-1.7560, 1.6360, 6.6500),(0.000, 270.000, 0.000)
22983485900,22.478530,(-1.7560, 1.6360, 6.6500),(0.000, 270.000, 0.000)
22997480900,22.492300,(-1.7560, 1.6360, 6.6500),(0.000, 270.000, 0.000)
23011539700,22.506290,(-1.7560, 1.6360, 6.6500),(0.000, 270.000, 0.000)
23025444500,22.520250,(-1.7560, 1.6360, 6.6500),(0.000, 270.000, 0.000)
23039100700,22.534150,(-1.7560, 1.6360, 6.6500),(0.000, 270.000, 0.000)
23053377600,22.548110,(-1.7560, 1.6360, 6.6500),(0.000, 270.000, 0.000)
23067348700,22.562140,(-1.7560, 1.6360, 6.6500),(0.000, 270.000, 0.000)
23085386500,22.580180,(-1.7560, 1.6360, 6.6500),(0.000, 270.000, 0.000)
23095016700,22.590140,(-1.7560, 1.6360, 6.6500),(0.000, 270.000, 0.000)
23109197300,22.604000,(-1.7560, 1.6360, 6.6500),(0.000, 270.000, 0.000)
23122940100,22.617940,(-1.7560, 1.6360, 6.6500),(0.000, 270.000, 0.000)
23136874300,22.631640,(-1.7560, 1.6360, 6.6500),(0.000, 270.000, 0.000)
23150848500,22.645650,(-1.7560, 1.6360, 6.6500),(0.000, 270.000, 0.000)
23164552100,22.659590,(-1.7560, 1.6360, 6.6500),(0.000, 270.000, 0.000)
23178588700,22.673390,(-1.7560, 1.6360, 6.6500),(0.000, 270.000, 0.000)
23192435600,22.687210,(-1.7560, 1.6360, 6.6500),(0.000, 270.000, 0.000)
23206606800,22.701420,(-1.7560, 1.6360, 6.6500),(0.000, 270.000, 0.000)
23220085700,22.715150,(-1.7560, 1.6360, 6.6500),(0.000, 270.000, 0.000)
23234367300,22.729130,(-1.7560, 1.6360, 6.6500),(0.000, 270.000, 0.000)
23248416300,22.743210,(-1.7560, 1.6360, 6.6500),(0.000, 270.000, 0.000)
23262081900,22.757140,(-1.7560, 1.6360, 6.6500),(0.000, 270.000, 0.000)
23276082100,22.770900,(-1.7560, 1.6360, 6.6500),(0.000, 270.000, 0.000)
23295021700,22.789730,(-1.7560, 1.6360, 6.6500),(0.000, 270.000, 0.000)
23303890300,22.798970,(-1.7560, 1.6360, 6.6500),(0.000, 270.000, 0.000)
23317900500,22.812660,(-1.7560, 1.6360, 6.6500),(0.000, 270.000, 0.000)
23331970400,22.826760,(-1.7560, 1.6360, 6.6500),(0.000, 270.000, 0.000)
23345872300,22.840690,(-1.7560, 1.6360, 6.6500),(0.000, 270.000, 0.000)
23359421700,22.854450,(-1.7560, 1.6360, 6.6500),(0.000, 270.000, 0.000)
23373682100,22.868460,(-1.7560, 1.6360, 6.6500),(0.000, 270.000, 0.000)
23387799300,22.882520,(-1.7560, 1.6360, 6.6500),(0.000, 270.000, 0.000)
23401480100,22.896530,(-1.7560, 1.6360, 6.6500),(0.000, 270.000, 0.000)
23415818400,22.910620,(-1.7560, 1.6360, 6.6500),(0.000, 270.000, 0.000)
23429654700,22.924340,(-1.7560, 1.6360, 6.6500),(0.000, 270.000, 0.000)
23443987500,22.938960,(-1.7560, 1.6360, 6.6500),(0.000, 270.000, 0.000)
23457261200,22.951980,(-1.7560, 1.6360, 6.6500),(0.000, 270.000, 0.000)
23471140900,22.965870,(-1.7560, 1.6360, 6.6500),(0.000, 270.000, 0.000)
23484818800,22.979870,(-1.7560, 1.6360, 6.6500),(0.000, 270.000, 0.000)
23503300000,22.998020,(-1.7560, 1.6360, 6.6500),(0.000, 270.000, 0.000)
23512903700,23.007730,(-1.7560, 1.6360, 6.6500),(0.000, 270.000, 0.000)
23526700400,23.021470,(-1.7560, 1.6360, 6.6500),(0.000, 270.000, 0.000)
23540527300,23.035570,(-1.7560, 1.6360, 6.6500),(0.000, 270.000, 0.000)
23554776500,23.049520,(-1.7560, 1.6360, 6.6500),(0.000, 270.000, 0.000)
23568506300,23.063280,(-1.7560, 1.6360, 6.6500),(0.000, 270.000, 0.000)
23581924500,23.077020,(-1.7560, 1.6360, 6.6500),(0.000, 270.000, 0.000)
23596425300,23.091230,(-1.7560, 1.6360, 6.6500),(0.000, 270.000, 0.000)
23610423500,23.105140,(-1.7560, 1.6360, 6.6500),(0.000, 270.000, 0.000)
23624118000,23.119120,(-1.7560, 1.6360, 6.6500),(0.000, 270.000, 0.000)
23638067100,23.132840,(-1.7560, 1.6360, 6.6500),(0.000, 270.000, 0.000)
23651944500,23.146780,(-1.7560, 1.6360, 6.6500),(0.000, 270.000, 0.000)
23666052700,23.160800,(-1.7560, 1.6360, 6.6500),(0.000, 270.000, 0.000)
23679521700,23.174550,(-1.7560, 1.6360, 6.6500),(0.000, 270.000, 0.000)
23694028500,23.188760,(-1.7560, 1.6360, 6.6500),(0.000, 270.000, 0.000)
23712315300,23.207040,(-1.7560, 1.6360, 6.6500),(0.000, 270.000, 0.000)
23721580100,23.216600,(-1.7560, 1.6360, 6.6500),(0.000, 270.000, 0.000)
23735540500,23.230340,(-1.7560, 1.6360, 6.6500),(0.000, 270.000, 0.000)
23749550800,23.244280,(-1.7560, 1.6360, 6.6500),(0.000, 270.000, 0.000)
23763262800,23.258340,(-1.7560, 1.6360, 6.6500),(0.000, 270.000, 0.000)
23777160100,23.271970,(-1.7560, 1.6360, 6.6500),(0.000, 270.000, 0.000)
23791478400,23.286230,(-1.7560, 1.6360, 6.6500),(0.000, 270.000, 0.000)
23805394900,23.300060,(-1.7560, 1.6360, 6.6500),(0.000, 270.000, 0.000)
23818919600,23.313950,(-1.7560, 1.6360, 6.6500),(0.000, 270.000, 0.000)
23833028900,23.327790,(-1.7560, 1.6360, 6.6500),(0.000, 270.000, 0.000)
23847166100,23.341910,(-1.7560, 1.6360, 6.6500),(0.000, 270.000, 0.000)
23860698800,23.355720,(-1.7560, 1.6360, 6.6500),(0.000, 270.000, 0.000)
23874828900,23.369600,(-1.7560, 1.6360, 6.6500),(0.000, 270.000, 0.000)
23888779500,23.383620,(-1.7560, 1.6360, 6.6500),(0.000, 270.000, 0.000)
23902708100,23.397730,(-1.7560, 1.6360, 6.6500),(0.000, 270.000, 0.000)
23921210400,23.415900,(-1.7560, 1.6360, 6.6500),(0.000, 270.000, 0.000)
23930383200,23.425130,(-1.7560, 1.6360, 6.6500),(0.000, 270.000, 0.000)
23944410100,23.439420,(-1.7560, 1.6360, 6.6500),(0.000, 270.000, 0.000)
23958509700,23.453290,(-1.7560, 1.6360, 6.6500),(0.000, 270.000, 0.000)
23972312500,23.467100,(-1.7560, 1.6360, 6.6500),(0.000, 270.000, 0.000)
23987146300,23.481190,(-1.7560, 1.6360, 6.6500),(0.000, 270.000, 0.000)
24000034100,23.494960,(-1.7560, 1.6360, 6.6500),(0.000, 270.000, 0.000)
24014072500,23.508810,(-1.7560, 1.6360, 6.6500),(0.000, 270.000, 0.000)
24027876900,23.522630,(-1.7560, 1.6360, 6.6500),(0.000, 270.000, 0.000)
24041674000,23.536730,(-1.7560, 1.6360, 6.6500),(0.000, 270.000, 0.000)
24055933700,23.550640,(-1.7560, 1.6360, 6.6500),(0.000, 270.000, 0.000)
24069605700,23.564410,(-1.7560, 1.6360, 6.6500),(0.000, 270.000, 0.000)
24083517700,23.578580,(-1.7560, 1.6360, 6.6500),(0.000, 270.000, 0.000)
24097776900,23.592340,(-1.7560, 1.6360, 6.6500),(0.000, 270.000, 0.000)
24111512100,23.606310,(-1.7560, 1.6360, 6.6500),(0.000, 270.000, 0.000)
24130090300,23.624840,(-1.7560, 1.6360, 6.6500),(0.000, 270.000, 0.000)
24138957500,23.634120,(-1.7560, 1.6360, 6.6500),(0.000, 270.000, 0.000)
24153450000,23.648200,(-1.7560, 1.6360, 6.6500),(0.000, 270.000, 0.000)
24167204100,23.662000,(-1.7560, 1.6360, 6.6500),(0.000, 270.000, 0.000)
24180974000,23.675990,(-1.7560, 1.6360, 6.6500),(0.000, 270.000, 0.000)
24194987300,23.689760,(-1.7560, 1.6360, 6.6500),(0.000, 270.000, 0.000)
24209352900,23.704020,(-1.7560, 1.6360, 6.6500),(0.000, 270.000, 0.000)
24222698500,23.717700,(-1.7560, 1.6360, 6.6500),(0.000, 270.000, 0.000)
24236867700,23.731610,(-1.7560, 1.6360, 6.6500),(0.000, 270.000, 0.000)
24250820100,23.745520,(-1.7560, 1.6360, 6.6500),(0.000, 270.000, 0.000)
24264613500,23.759690,(-1.7560, 1.6360, 6.6500),(0.000, 270.000, 0.000)
24278340500,23.773150,(-1.7560, 1.6360, 6.6500),(0.000, 270.000, 0.000)
24292421300,23.787260,(-1.7560, 1.6360, 6.6500),(0.000, 270.000, 0.000)
24306694700,23.801390,(-1.7560, 1.6360, 6.6500),(0.000, 270.000, 0.000)
24320384100,23.815430,(-1.7560, 1.6360, 6.6500),(0.000, 270.000, 0.000)
24338777900,23.833510,(-1.7560, 1.6360, 6.6500),(0.000, 270.000, 0.000)
24348469700,23.843330,(-1.7560, 1.6360, 6.6500),(0.000, 270.000, 0.000)
24361873600,23.856930,(-1.7560, 1.6360, 6.6500),(0.000, 270.000, 0.000)
24376124400,23.870930,(-1.7560, 1.6360, 6.6500),(0.000, 270.000, 0.000)
24389973500,23.884730,(-1.7560, 1.6360, 6.6500),(0.000, 270.000, 0.000)
24403710900,23.898780,(-1.7560, 1.6360, 6.6500),(0.000, 270.000, 0.000)
24417690800,23.912490,(-1.7560, 1.6360, 6.6500),(0.000, 270.000, 0.000)
24431938100,23.926750,(-1.7560, 1.6360, 6.6500),(0.000, 270.000, 0.000)
24445596100,23.940370,(-1.7560, 1.6360, 6.6500),(0.000, 270.000, 0.000)
24459369600,23.954420,(-1.7560, 1.6360, 6.6500),(0.000, 270.000, 0.000)
24473186500,23.968000,(-1.7560, 1.6360, 6.6500),(0.000, 270.000, 0.000)
24487612000,23.982380,(-1.7560, 1.6360, 6.6500),(0.000, 270.000, 0.000)
24501166700,23.996220,(-1.7560, 1.6360, 6.6500),(0.000, 270.000, 0.000)
24515219600,24.009990,(-1.7560, 1.6360, 6.6500),(0.000, 270.000, 0.000)
24529295300,24.024080,(-1.7560, 1.6360, 6.6500),(0.000, 270.000, 0.000)
24547683600,24.042510,(-1.7560, 1.6360, 6.6500),(0.000, 270.000, 0.000)
24557017900,24.052080,(-1.7560, 1.6360, 6.6500),(0.000, 270.000, 0.000)
24571113200,24.065890,(-1.7560, 1.6360, 6.6500),(0.000, 270.000, 0.000)
24584934900,24.079980,(-1.7560, 1.6360, 6.6500),(0.000, 270.000, 0.000)
24598713700,24.093550,(-1.7560, 1.6360, 6.6500),(0.000, 270.000, 0.000)
24612536800,24.107370,(-1.7560, 1.6360, 6.6500),(0.000, 270.000, 0.000)
24626712900,24.121500,(-1.7560, 1.6360, 6.6500),(0.000, 270.000, 0.000)
24640254700,24.135280,(-1.7560, 1.6360, 6.6500),(0.000, 270.000, 0.000)
24654612100,24.149410,(-1.7560, 1.6360, 6.6500),(0.000, 270.000, 0.000)
24668390400,24.163130,(-1.7560, 1.6360, 6.6500),(0.000, 270.000, 0.000)
24682307300,24.177330,(-1.7560, 1.6360, 6.6500),(0.000, 270.000, 0.000)
24696105700,24.190930,(-1.7560, 1.6360, 6.6500),(0.000, 270.000, 0.000)
24710287500,24.205050,(-1.7560, 1.6360, 6.6500),(0.000, 270.000, 0.000)
24723999600,24.219020,(-1.7560, 1.6360, 6.6500),(0.000, 270.000, 0.000)
24737886900,24.232650,(-1.7560, 1.6360, 6.6500),(0.000, 270.000, 0.000)
24756637300,24.251410,(-1.7560, 1.6360, 6.6500),(0.000, 270.000, 0.000)
24765803300,24.260600,(-1.7560, 1.6360, 6.6500),(0.000, 270.000, 0.000)
24779700700,24.274770,(-1.7560, 1.6360, 6.6500),(0.000, 270.000, 0.000)
24793765500,24.288550,(-1.7560, 1.6360, 6.6500),(0.000, 270.000, 0.000)
24807541700,24.302380,(-1.7560, 1.6360, 6.6500),(0.000, 270.000, 0.000)
24821456000,24.316440,(-1.7560, 1.6360, 6.6500),(0.000, 270.000, 0.000)
24835409200,24.330170,(-1.7560, 1.6360, 6.6500),(0.000, 270.000, 0.000)
24849496100,24.344270,(-1.7560, 1.6360, 6.6500),(0.000, 270.000, 0.000)
24863458100,24.358480,(-1.7560, 1.6360, 6.6500),(0.000, 270.000, 0.000)
24877320900,24.372130,(-1.7560, 1.6360, 6.6500),(0.000, 270.000, 0.000)
24891190800,24.385990,(-1.7560, 1.6360, 6.6500),(0.000, 270.000, 0.000)
24905415200,24.400150,(-1.7560, 1.6360, 6.6500),(0.000, 270.000, 0.000)
24918709300,24.413870,(-1.7560, 1.6360, 6.6500),(0.000, 270.000, 0.000)
24933050700,24.427840,(-1.7560, 1.6360, 6.6500),(0.000, 270.000, 0.000)
24947029100,24.441830,(-1.7560, 1.6360, 6.6500),(0.000, 270.000, 0.000)
24965446900,24.460230,(-1.7560, 1.6360, 6.6500),(0.000, 270.000, 0.000)
24974355100,24.469430,(-1.7560, 1.6360, 6.6500),(0.000, 270.000, 0.000)
24989027300,24.483770,(-1.7560, 1.6360, 6.6500),(0.000, 270.000, 0.000)
25002450000,24.497460,(-1.7560, 1.6360, 6.6500),(0.000, 270.000, 0.000)
25016704400,24.511400,(-1.7560, 1.6360, 6.6500),(0.000, 270.000, 0.000)
25030603500,24.525360,(-1.7560, 1.6360, 6.6500),(0.000, 270.000, 0.000)
25044279900,24.539300,(-1.7560, 1.6360, 6.6500),(0.000, 270.000, 0.000)
25058438700,24.553240,(-1.7560, 1.6360, 6.6500),(0.000, 270.000, 0.000)
25072109600,24.566940,(-1.7560, 1.6360, 6.6500),(0.000, 270.000, 0.000)
25086232000,24.581010,(-1.7560, 1.6360, 6.6500),(0.000, 270.000, 0.000)
25099928400,24.594970,(-1.7560, 1.6360, 6.6500),(0.000, 270.000, 0.000)
25114106100,24.608920,(-1.7560, 1.6360, 6.6500),(0.000, 270.000, 0.000)
25127940900,24.622740,(-1.7560, 1.6360, 6.6500),(0.000, 270.000, 0.000)
25141902000,24.636910,(-1.7560, 1.6360, 6.6500),(0.000, 270.000, 0.000)
25155845700,24.650660,(-1.7560, 1.6360, 6.6500),(0.000, 270.000, 0.000)
25174379700,24.669140,(-1.7560, 1.6360, 6.6500),(0.000, 270.000, 0.000)
25183887700,24.678940,(-1.7560, 1.6360, 6.6500),(0.000, 270.000, 0.000)
25197724400,24.692530,(-1.7560, 1.6360, 6.6500),(0.000, 270.000, 0.000)
25211707900,24.706490,(-1.7560, 1.6360, 6.6500),(0.000, 270.000, 0.000)
25225520500,24.720300,(-1.7560, 1.6360, 6.6500),(0.000, 270.000, 0.000)
25239183300,24.734270,(-1.7560, 1.6360, 6.6500),(0.000, 270.000, 0.000)
25253329700,24.748090,(-1.7560, 1.6360, 6.6500),(0.000, 270.000, 0.000)
25267198400,24.762030,(-1.7560, 1.6360, 6.6500),(0.000, 270.000, 0.000)
25280998900,24.776040,(-1.7560, 1.6360, 6.6500),(0.000, 270.000, 0.000)
25294985700,24.789820,(-1.7560, 1.6360, 6.6500),(0.000, 270.000, 0.000)
25309309700,24.804070,(-1.7560, 1.6360, 6.6500),(0.000, 270.000, 0.000)
25322776300,24.817800,(-1.7560, 1.6360, 6.6500),(0.000, 270.000, 0.000)
25337116100,24.831860,(-1.7560, 1.6360, 6.6500),(0.000, 270.000, 0.000)
25350961900,24.845740,(-1.7560, 1.6360, 6.6500),(0.000, 270.000, 0.000)
25364702100,24.859750,(-1.7560, 1.6360, 6.6500),(0.000, 270.000, 0.000)
25383472100,24.878210,(-1.7560, 1.6360, 6.6500),(0.000, 270.000, 0.000)
25392772500,24.887570,(-1.7560, 1.6360, 6.6500),(0.000, 270.000, 0.000)
25406474800,24.901270,(-1.7560, 1.6360, 6.6500),(0.000, 270.000, 0.000)
25420055700,24.915120,(-1.7560, 1.6360, 6.6500),(0.000, 270.000, 0.000)
25434155300,24.928970,(-1.7560, 1.6360, 6.6500),(0.000, 270.000, 0.000)
25448512500,24.943280,(-1.7560, 1.6360, 6.6500),(0.000, 270.000, 0.000)
25462298300,24.957320,(-1.7560, 1.6360, 6.6500),(0.000, 270.000, 0.000)
25476004900,24.970810,(-1.7560, 1.6360, 6.6500),(0.000, 270.000, 0.000)
25490315900,24.985060,(-1.7560, 1.6360, 6.6500),(0.000, 270.000, 0.000)
25503771700,24.998930,(-1.7560, 1.6360, 6.6500),(0.000, 270.000, 0.000)
25517941900,25.012740,(-1.7560, 1.6360, 6.6500),(0.000, 270.000, 0.000)
25531774900,25.026580,(-1.7560, 1.6360, 6.6500),(0.000, 270.000, 0.000)
25545853900,25.040640,(-1.7560, 1.6360, 6.6500),(0.000, 270.000, 0.000)
25559550800,25.054560,(-1.7560, 1.6360, 6.6500),(0.000, 270.000, 0.000)
25573793700,25.068540,(-1.7560, 1.6360, 6.6500),(0.000, 270.000, 0.000)
25592498900,25.087220,(-1.7560, 1.6360, 6.6500),(0.000, 270.000, 0.000)
25601362300,25.096410,(-1.7560, 1.6360, 6.6500),(0.000, 270.000, 0.000)
25615647300,25.110410,(-1.7560, 1.6360, 6.6500),(0.000, 270.000, 0.000)
25629470100,25.124270,(-1.7560, 1.6360, 6.6500),(0.000, 270.000, 0.000)
25643140300,25.138210,(-1.7560, 1.6360, 6.6500),(0.000, 270.000, 0.000)
25657265500,25.152020,(-1.7560, 1.6360, 6.6500),(0.000, 270.000, 0.000)
25671160900,25.165970,(-1.7560, 1.6360, 6.6500),(0.000, 270.000, 0.000)
25684907100,25.179990,(-1.7560, 1.6360, 6.6500),(0.000, 270.000, 0.000)
25699080800,25.193890,(-1.7560, 1.6360, 6.6500),(0.000, 270.000, 0.000)
25712974400,25.207770,(-1.7560, 1.6360, 6.6500),(0.000, 270.000, 0.000)
25726624000,25.221450,(-1.7560, 1.6360, 6.6500),(0.000, 270.000, 0.000)
25740289700,25.235370,(-1.7560, 1.6360, 6.6500),(0.000, 270.000, 0.000)
25754696500,25.249470,(-1.7560, 1.6360, 6.6500),(0.000, 270.000, 0.000)
25768708900,25.263460,(-1.7560, 1.6360, 6.6500),(0.000, 270.000, 0.000)
25782372100,25.277410,(-1.7560, 1.6360, 6.6500),(0.000, 270.000, 0.000)
25801278800,25.296020,(-1.7560, 1.6360, 6.6500),(0.000, 270.000, 0.000)
25810446100,25.305170,(-1.7560, 1.6360, 6.6500),(0.000, 270.000, 0.000)
25824302400,25.319360,(-1.7560, 1.6360, 6.6500),(0.000, 270.000, 0.000)
25838126900,25.332930,(-1.7560, 1.6360, 6.6500),(0.000, 270.000, 0.000)
25852333600,25.347050,(-1.7560, 1.6360, 6.6500),(0.000, 270.000, 0.000)
25866245900,25.360990,(-1.7560, 1.6360, 6.6500),(0.000, 270.000, 0.000)
25879878400,25.374810,(-1.7560, 1.6360, 6.6500),(0.000, 270.000, 0.000)
25894252000,25.389080,(-1.7560, 1.6360, 6.6500),(0.000, 270.000, 0.000)
25908182900,25.402960,(-1.7560, 1.6360, 6.6500),(0.000, 270.000, 0.000)
25921761900,25.416740,(-1.7560, 1.6360, 6.6500),(0.000, 270.000, 0.000)
25935665700,25.430480,(-1.7560, 1.6360, 6.6500),(0.000, 270.000, 0.000)
25949613700,25.444340,(-1.7560, 1.6360, 6.6500),(0.000, 270.000, 0.000)
25963268900,25.458340,(-1.7560, 1.6360, 6.6500),(0.000, 270.000, 0.000)
25977308300,25.472120,(-1.7560, 1.6360, 6.6500),(0.000, 270.000, 0.000)
25991392000,25.486170,(-1.7560, 1.6360, 6.6500),(0.000, 270.000, 0.000)
26010149200,25.504920,(-1.7560, 1.6360, 6.6500),(0.000, 270.000, 0.000)
26019208300,25.514180,(-1.7560, 1.6360, 6.6500),(0.000, 270.000, 0.000)
26033110500,25.527900,(-1.7560, 1.6360, 6.6500),(0.000, 270.000, 0.000)
26047126400,25.541940,(-1.7560, 1.6360, 6.6500),(0.000, 270.000, 0.000)
26060898100,25.555900,(-1.7560, 1.6360, 6.6500),(0.000, 270.000, 0.000)
26074958500,25.569790,(-1.7560, 1.6360, 6.6500),(0.000, 270.000, 0.000)
26088946800,25.583720,(-1.7560, 1.6360, 6.6500),(0.000, 270.000, 0.000)
26102516500,25.597560,(-1.7560, 1.6360, 6.6500),(0.000, 270.000, 0.000)
26116864000,25.611660,(-1.7560, 1.6360, 6.6500),(0.000, 270.000, 0.000)
26130760900,25.625560,(-1.7560, 1.6360, 6.6500),(0.000, 270.000, 0.000)
26144353300,25.639440,(-1.7560, 1.6360, 6.6500),(0.000, 270.000, 0.000)
26158657300,25.653470,(-1.7560, 1.6360, 6.6500),(0.000, 270.000, 0.000)
26172562500,25.667300,(-1.7560, 1.6360, 6.6500),(0.000, 270.000, 0.000)
26186403300,25.681240,(-1.7560, 1.6360, 6.6500),(0.000, 270.000, 0.000)
26200280900,25.695310,(-1.7560, 1.6360, 6.6500),(0.000, 270.000, 0.000)
26218948400,25.713760,(-1.7560, 1.6360, 6.6500),(0.000, 270.000, 0.000)
26228284700,25.723060,(-1.7560, 1.6360, 6.6500),(0.000, 270.000, 0.000)
26242067900,25.737120,(-1.7560, 1.6360, 6.6500),(0.000, 270.000, 0.000)
26256188100,25.750960,(-1.7560, 1.6360, 6.6500),(0.000, 270.000, 0.000)
26270288000,25.765010,(-1.7560, 1.6360, 6.6500),(0.000, 270.000, 0.000)
26283760500,25.778820,(-1.7560, 1.6360, 6.6500),(0.000, 270.000, 0.000)
26297905200,25.792720,(-1.7560, 1.6360, 6.6500),(0.000, 270.000, 0.000)
26311761300,25.806480,(-1.7560, 1.6360, 6.6500),(0.000, 270.000, 0.000)
26325725100,25.820550,(-1.7560, 1.6360, 6.6500),(0.000, 270.000, 0.000)
26339214300,25.834270,(-1.7560, 1.6360, 6.6500),(0.000, 270.000, 0.000)
26353557700,25.848330,(-1.7560, 1.6360, 6.6500),(0.000, 270.000, 0.000)
26367630300,25.862440,(-1.7560, 1.6360, 6.6500),(0.000, 270.000, 0.000)
26381243300,25.876250,(-1.7560, 1.6360, 6.6500),(0.000, 270.000, 0.000)
26395346500,25.890040,(-1.7560, 1.6360, 6.6500),(0.000, 270.000, 0.000)
26409453700,25.904220,(-1.7560, 1.6360, 6.6500),(0.000, 270.000, 0.000)
26427934800,25.922710,(-1.7560, 1.6360, 6.6500),(0.000, 270.000, 0.000)
26436811600,25.931890,(-1.7560, 1.6360, 6.6500),(0.000, 270.000, 0.000)
26451150000,25.945910,(-1.7560, 1.6360, 6.6500),(0.000, 270.000, 0.000)
26464572300,25.959590,(-1.7560, 1.6360, 6.6500),(0.000, 270.000, 0.000)
26478680100,25.973500,(-1.7560, 1.6360, 6.6500),(0.000, 270.000, 0.000)
26492732400,25.987520,(-1.7560, 1.6360, 6.6500),(0.000, 270.000, 0.000)
26506809900,26.001520,(-1.7560, 1.6360, 6.6500),(0.000, 270.000, 0.000)
26520379900,26.015380,(-1.7560, 1.6360, 6.6500),(0.000, 270.000, 0.000)
26534590900,26.029400,(-1.7560, 1.6360, 6.6500),(0.000, 270.000, 0.000)
26548372000,26.043140,(-1.7560, 1.6360, 6.6500),(0.000, 270.000, 0.000)
26562107900,26.057100,(-1.7560, 1.6360, 6.6500),(0.000, 270.000, 0.000)
26576161500,26.070970,(-1.7560, 1.6360, 6.6500),(0.000, 270.000, 0.000)
26590458700,26.085140,(-1.7560, 1.6360, 6.6500),(0.000, 270.000, 0.000)
26603871900,26.099000,(-1.7560, 1.6360, 6.6500),(0.000, 270.000, 0.000)
26617855100,26.112660,(-1.7560, 1.6360, 6.6500),(0.000, 270.000, 0.000)
26636704900,26.131500,(-1.7560, 1.6360, 6.6500),(0.000, 270.000, 0.000)
26645853600,26.140660,(-1.7560, 1.6360, 6.6500),(0.000, 270.000, 0.000)
26659588800,26.154640,(-1.7560, 1.6360, 6.6500),(0.000, 270.000, 0.000)
26673898500,26.168670,(-1.7560, 1.6360, 6.6500),(0.000, 270.000, 0.000)
26687749500,26.182490,(-1.7560, 1.6360, 6.6500),(0.000, 270.000, 0.000)
26701272100,26.196290,(-1.7560, 1.6360, 6.6500),(0.000, 270.000, 0.000)
26715480900,26.210330,(-1.7560, 1.6360, 6.6500),(0.000, 270.000, 0.000)
26729480500,26.224140,(-1.7560, 1.6360, 6.6500),(0.000, 270.000, 0.000)
26743405100,26.238460,(-1.7560, 1.6360, 6.6500),(0.000, 270.000, 0.000)
26757228500,26.252050,(-1.7560, 1.6360, 6.6500),(0.000, 270.000, 0.000)
26771110400,26.265900,(-1.7560, 1.6360, 6.6500),(0.000, 270.000, 0.000)
26785390100,26.280080,(-1.7560, 1.6360, 6.6500),(0.000, 270.000, 0.000)
26798965700,26.293950,(-1.7560, 1.6360, 6.6500),(0.000, 270.000, 0.000)
26812966100,26.307760,(-1.7560, 1.6360, 6.6500),(0.000, 270.000, 0.000)
26826841700,26.321570,(-1.7560, 1.6360, 6.6500),(0.000, 270.000, 0.000)
26845662100,26.340470,(-1.7560, 1.6360, 6.6500),(0.000, 270.000, 0.000)
26854313100,26.349470,(-1.7560, 1.6360, 6.6500),(0.000, 270.000, 0.000)
26868588100,26.363370,(-1.7560, 1.6360, 6.6500),(0.000, 270.000, 0.000)
26882457300,26.377480,(-1.7560, 1.6360, 6.6500),(0.000, 270.000, 0.000)
26896230900,26.391160,(-1.7560, 1.6360, 6.6500),(0.000, 270.000, 0.000)
26910409300,26.405200,(-1.7560, 1.6360, 6.6500),(0.000, 270.000, 0.000)
26924052900,26.419150,(-1.7560, 1.6360, 6.6500),(0.000, 270.000, 0.000)
26938473700,26.433250,(-1.7560, 1.6360, 6.6500),(0.000, 270.000, 0.000)
26952192500,26.446930,(-1.7560, 1.6360, 6.6500),(0.000, 270.000, 0.000)
26966157100,26.460950,(-1.7560, 1.6360, 6.6500),(0.000, 270.000, 0.000)
26979526500,26.474670,(-1.7560, 1.6360, 6.6500),(0.000, 270.000, 0.000)
26993892500,26.488720,(-1.7560, 1.6360, 6.6500),(0.000, 270.000, 0.000)
27007960100,26.502700,(-1.7560, 1.6360, 6.6500),(0.000, 270.000, 0.000)
27021590100,26.516700,(-1.7560, 1.6360, 6.6500),(0.000, 270.000, 0.000)
27035579500,26.530380,(-1.7560, 1.6360, 6.6500),(0.000, 270.000, 0.000)
27054980100,26.549730,(-1.7560, 1.6360, 6.6500),(0.000, 270.000, 0.000)
27063496900,26.558550,(-1.7560, 1.6360, 6.6500),(0.000, 270.000, 0.000)
27077459200,26.572190,(-1.7560, 1.6360, 6.6500),(0.000, 270.000, 0.000)
27091244000,26.586010,(-1.7560, 1.6360, 6.6500),(0.000, 270.000, 0.000)
27105278100,26.600110,(-1.7560, 1.6360, 6.6500),(0.000, 270.000, 0.000)
27119069300,26.614140,(-1.7560, 1.6360, 6.6500),(0.000, 270.000, 0.000)
27132878500,26.627660,(-1.7560, 1.6360, 6.6500),(0.000, 270.000, 0.000)
27146880500,26.641680,(-1.7560, 1.6360, 6.6500),(0.000, 270.000, 0.000)
27160537600,26.655580,(-1.7560, 1.6360, 6.6500),(0.000, 270.000, 0.000)
27174379200,26.669270,(-1.7560, 1.6360, 6.6500),(0.000, 270.000, 0.000)
27188547100,26.683240,(-1.7560, 1.6360, 6.6500),(0.000, 270.000, 0.000)
27202241900,26.697250,(-1.7560, 1.6360, 6.6500),(0.000, 270.000, 0.000)
27215978500,26.710790,(-1.7560, 1.6360, 6.6500),(0.000, 270.000, 0.000)
27229811700,26.724590,(-1.7560, 1.6360, 6.6500),(0.000, 270.000, 0.000)
27243567100,26.738670,(-1.7560, 1.6360, 6.6500),(0.000, 270.000, 0.000)
27262581900,26.757310,(-1.7560, 1.6360, 6.6500),(0.000, 270.000, 0.000)
27271615100,26.766470,(-1.7560, 1.6360, 6.6500),(0.000, 270.000, 0.000)
27285478000,26.780230,(-1.7560, 1.6360, 6.6500),(0.000, 270.000, 0.000)
27298813700,26.793970,(-1.7560, 1.6360, 6.6500),(0.000, 270.000, 0.000)
27313349200,26.808120,(-1.7560, 1.6360, 6.6500),(0.000, 270.000, 0.000)
27327256100,26.822100,(-1.7560, 1.6360, 6.6500),(0.000, 270.000, 0.000)
27340644300,26.835710,(-1.7560, 1.6360, 6.6500),(0.000, 270.000, 0.000)
27355277700,26.850060,(-1.7560, 1.6360, 6.6500),(0.000, 270.000, 0.000)
27368933200,26.863760,(-1.7560, 1.6360, 6.6500),(0.000, 270.000, 0.000)
27382598300,26.877710,(-1.7560, 1.6360, 6.6500),(0.000, 270.000, 0.000)
27396722500,26.891550,(-1.7560, 1.6360, 6.6500),(0.000, 270.000, 0.000)
27410722800,26.905530,(-1.7560, 1.6360, 6.6500),(0.000, 270.000, 0.000)
27424388800,26.919490,(-1.7560, 1.6360, 6.6500),(0.000, 270.000, 0.000)
27438210800,26.933040,(-1.7560, 1.6360, 6.6500),(0.000, 270.000, 0.000)
27452300000,26.947080,(-1.7560, 1.6360, 6.6500),(0.000, 270.000, 0.000)
27471516500,26.966220,(-1.7560, 1.6360, 6.6500),(0.000, 270.000, 0.000)
27480233300,26.975230,(-1.7560, 1.6360, 6.6500),(0.000, 270.000, 0.000)
27494057600,26.988880,(-1.7560, 1.6360, 6.6500),(0.000, 270.000, 0.000)
27508130100,27.002870,(-1.7560, 1.6360, 6.6500),(0.000, 270.000, 0.000)
27521835700,27.016920,(-1.7560, 1.6360, 6.6500),(0.000, 270.000, 0.000)
27535542700,27.030430,(-1.7560, 1.6360, 6.6500),(0.000, 270.000, 0.000)
27549696400,27.044470,(-1.7560, 1.6360, 6.6500),(0.000, 270.000, 0.000)
27563405700,27.058490,(-1.7560, 1.6360, 6.6500),(0.000, 270.000, 0.000)
27577558500,27.072390,(-1.7560, 1.6360, 6.6500),(0.000, 270.000, 0.000)
27591580500,27.086370,(-1.7560, 1.6360, 6.6500),(0.000, 270.000, 0.000)
27605620700,27.100410,(-1.7560, 1.6360, 6.6500),(0.000, 270.000, 0.000)
27618921500,27.114090,(-1.7560, 1.6360, 6.6500),(0.000, 270.000, 0.000)
27632952800,27.127810,(-1.7560, 1.6360, 6.6500),(0.000, 270.000, 0.000)
27646996500,27.141810,(-1.7560, 1.6360, 6.6500),(0.000, 270.000, 0.000)
27660693900,27.155760,(-1.7560, 1.6360, 6.6500),(0.000, 270.000, 0.000)
27679752500,27.174540,(-1.7560, 1.6360, 6.6500),(0.000, 270.000, 0.000)
27688675200,27.183480,(-1.7560, 1.6360, 6.6500),(0.000, 270.000, 0.000)
27702109600,27.197270,(-1.7560, 1.6360, 6.6500),(0.000, 270.000, 0.000)
27716363600,27.211210,(-1.7560, 1.6360, 6.6500),(0.000, 270.000, 0.000)
27730416800,27.225230,(-1.7560, 1.6360, 6.6500),(0.000, 270.000, 0.000)
27743999100,27.239100,(-1.7560, 1.6360, 6.6500),(0.000, 270.000, 0.000)
27758128400,27.252980,(-1.7560, 1.6360, 6.6500),(0.000, 270.000, 0.000)
27771910700,27.266790,(-1.7560, 1.6360, 6.6500),(0.000, 270.000, 0.000)
27785983300,27.280840,(-1.7560, 1.6360, 6.6500),(0.000, 270.000, 0.000)
27799843100,27.294940,(-1.7560, 1.6360, 6.6500),(0.000, 270.000, 0.000)
27814031500,27.308760,(-1.7560, 1.6360, 6.6500),(0.000, 270.000, 0.000)
27827846900,27.322680,(-1.7560, 1.6360, 6.6500),(0.000, 270.000, 0.000)
27841537900,27.336640,(-1.7560, 1.6360, 6.6500),(0.000, 270.000, 0.000)
27855748900,27.350580,(-1.7560, 1.6360, 6.6500),(0.000, 270.000, 0.000)
27869725500,27.364580,(-1.7560, 1.6360, 6.6500),(0.000, 270.000, 0.000)
27888599100,27.383370,(-1.7560, 1.6360, 6.6500),(0.000, 270.000, 0.000)
27897182900,27.392320,(-1.7560, 1.6360, 6.6500),(0.000, 270.000, 0.000)
27911607600,27.406380,(-1.7560, 1.6360, 6.6500),(0.000, 270.000, 0.000)
27925368900,27.420200,(-1.7560, 1.6360, 6.6500),(0.000, 270.000, 0.000)
27938831300,27.434010,(-1.7560, 1.6360, 6.6500),(0.000, 270.000, 0.000)
27953102900,27.447990,(-1.7560, 1.6360, 6.6500),(0.000, 270.000, 0.000)
27967080100,27.461890,(-1.7560, 1.6360, 6.6500),(0.000, 270.000, 0.000)
27980752800,27.475830,(-1.7560, 1.6360, 6.6500),(0.000, 270.000, 0.000)
27995125300,27.489810,(-1.7560, 1.6360, 6.6500),(0.000, 270.000, 0.000)
28008987100,27.503770,(-1.7560, 1.6360, 6.6500),(0.000, 270.000, 0.000)
28022603600,27.517700,(-1.7560, 1.6360, 6.6500),(0.000, 270.000, 0.000)
28036810000,27.531610,(-1.7560, 1.6360, 6.6500),(0.000, 270.000, 0.000)
28050690300,27.545510,(-1.7560, 1.6360, 6.6500),(0.000, 270.000, 0.000)
28064451200,27.559500,(-1.7560, 1.6360, 6.6500),(0.000, 270.000, 0.000)
28078455300,27.573240,(-1.7560, 1.6360, 6.6500),(0.000, 270.000, 0.000)
28097230500,27.592110,(-1.7560, 1.6360, 6.6500),(0.000, 270.000, 0.000)
28106522000,27.601320,(-1.7560, 1.6360, 6.6500),(0.000, 270.000, 0.000)
28119885200,27.614940,(-1.7560, 1.6360, 6.6500),(0.000, 270.000, 0.000)
28133990900,27.628850,(-1.7560, 1.6360, 6.6500),(0.000, 270.000, 0.000)
28148390500,27.643180,(-1.7560, 1.6360, 6.6500),(0.000, 270.000, 0.000)
28161759600,27.656810,(-1.7560, 1.6360, 6.6500),(0.000, 270.000, 0.000)
28175786900,27.670660,(-1.7560, 1.6360, 6.6500),(0.000, 270.000, 0.000)
28189934800,27.684760,(-1.7560, 1.6360, 6.6500),(0.000, 270.000, 0.000)
28203507700,27.698590,(-1.7560, 1.6360, 6.6500),(0.000, 270.000, 0.000)
28217730900,27.712560,(-1.7560, 1.6360, 6.6500),(0.000, 270.000, 0.000)
28231436900,27.726340,(-1.7560, 1.6360, 6.6500),(0.000, 270.000, 0.000)
28245455700,27.740290,(-1.7560, 1.6360, 6.6500),(0.000, 270.000, 0.000)
28258806800,27.754040,(-1.7560, 1.6360, 6.6500),(0.000, 270.000, 0.000)
28273280500,27.768120,(-1.7560, 1.6360, 6.6500),(0.000, 270.000, 0.000)
28287362500,27.782180,(-1.7560, 1.6360, 6.6500),(0.000, 270.000, 0.000)
28306310100,27.801180,(-1.7560, 1.6360, 6.6500),(0.000, 270.000, 0.000)
28314690400,27.809860,(-1.7560, 1.6360, 6.6500),(0.000, 270.000, 0.000)
28329196100,27.824020,(-1.7560, 1.6360, 6.6500),(0.000, 270.000, 0.000)
28342716100,27.837830,(-1.7560, 1.6360, 6.6500),(0.000, 270.000, 0.000)
28356746400,27.851640,(-1.7560, 1.6360, 6.6500),(0.000, 270.000, 0.000)
28370819100,27.865690,(-1.7560, 1.6360, 6.6500),(0.000, 270.000, 0.000)
28384272100,27.879460,(-1.7560, 1.6360, 6.6500),(0.000, 270.000, 0.000)
28398784100,27.893620,(-1.7560, 1.6360, 6.6500),(0.000, 270.000, 0.000)
28412533200,27.907370,(-1.7560, 1.6360, 6.6500),(0.000, 270.000, 0.000)
28426896700,27.921290,(-1.7560, 1.6360, 6.6500),(0.000, 270.000, 0.000)
28440282900,27.935360,(-1.7560, 1.6360, 6.6500),(0.000, 270.000, 0.000)
28454399500,27.949260,(-1.7560, 1.6360, 6.6500),(0.000, 270.000, 0.000)
28468481500,27.963270,(-1.7560, 1.6360, 6.6500),(0.000, 270.000, 0.000)
28482123200,27.977240,(-1.7560, 1.6360, 6.6500),(0.000, 270.000, 0.000)
28496256900,27.991070,(-1.7560, 1.6360, 6.6500),(0.000, 270.000, 0.000)
28515736400,28.010480,(-1.7560, 1.6360, 6.6500),(0.000, 270.000, 0.000)
28524273700,28.019330,(-1.7560, 1.6360, 6.6500),(0.000, 270.000, 0.000)
28538140500,28.032930,(-1.7560, 1.6360, 6.6500),(0.000, 270.000, 0.000)
28552259500,28.047090,(-1.7560, 1.6360, 6.6500),(0.000, 270.000, 0.000)
28565968000,28.060800,(-1.7560, 1.6360, 6.6500),(0.000, 270.000, 0.000)
28579409700,28.074560,(-1.7560, 1.6360, 6.6500),(0.000, 270.000, 0.000)
28594018500,28.088810,(-1.7560, 1.6360, 6.6500),(0.000, 270.000, 0.000)
28607950900,28.102750,(-1.7560, 1.6360, 6.6500),(0.000, 270.000, 0.000)
28621664900,28.116740,(-1.7560, 1.6360, 6.6500),(0.000, 270.000, 0.000)
28635621500,28.130480,(-1.7560, 1.6360, 6.6500),(0.000, 270.000, 0.000)
28649698100,28.144520,(-1.7560, 1.6360, 6.6500),(0.000, 270.000, 0.000)
28663217300,28.158310,(-1.7560, 1.6360, 6.6500),(0.000, 270.000, 0.000)
28677575700,28.172410,(-1.7560, 1.6360, 6.6500),(0.000, 270.000, 0.000)
28691363300,28.186140,(-1.7560, 1.6360, 6.6500),(0.000, 270.000, 0.000)
28705322400,28.200100,(-1.7560, 1.6360, 6.6500),(0.000, 270.000, 0.000)
28724294400,28.219340,(-1.7560, 1.6360, 6.6500),(0.000, 270.000, 0.000)
28733637300,28.228450,(-1.7560, 1.6360, 6.6500),(0.000, 270.000, 0.000)
28747060500,28.241890,(-1.7560, 1.6360, 6.6500),(0.000, 270.000, 0.000)
28760521300,28.255570,(-1.7560, 1.6360, 6.6500),(0.000, 270.000, 0.000)
28775091700,28.269940,(-1.7560, 1.6360, 6.6500),(0.000, 270.000, 0.000)
28788716700,28.283540,(-1.7560, 1.6360, 6.6500),(0.000, 270.000, 0.000)
28802477900,28.297500,(-1.7560, 1.6360, 6.6500),(0.000, 270.000, 0.000)
28816542900,28.311320,(-1.7560, 1.6360, 6.6500),(0.000, 270.000, 0.000)
28830783300,28.325550,(-1.7560, 1.6360, 6.6500),(0.000, 270.000, 0.000)
28844188500,28.339240,(-1.7560, 1.6360, 6.6500),(0.000, 270.000, 0.000)
28858296000,28.353100,(-1.7560, 1.6360, 6.6500),(0.000, 270.000, 0.000)
28872349700,28.367130,(-1.7560, 1.6360, 6.6500),(0.000, 270.000, 0.000)
28886570400,28.381330,(-1.7560, 1.6360, 6.6500),(0.000, 270.000, 0.000)
28900096100,28.395090,(-1.7560, 1.6360, 6.6500),(0.000, 270.000, 0.000)
28914410400,28.409150,(-1.7560, 1.6360, 6.6500),(0.000, 270.000, 0.000)
28934052800,28.428460,(-1.7560, 1.6360, 6.6500),(0.000, 270.000, 0.000)
28941796100,28.436820,(-1.7560, 1.6360, 6.6500),(0.000, 270.000, 0.000)
28955736500,28.450490,(-1.7560, 1.6360, 6.6500),(0.000, 270.000, 0.000)
28969814000,28.464580,(-1.7560, 1.6360, 6.6500),(0.000, 270.000, 0.000)
28983928000,28.478950,(-1.7560, 1.6360, 6.6500),(0.000, 270.000, 0.000)
28997432500,28.492290,(-1.7560, 1.6360, 6.6500),(0.000, 270.000, 0.000)
29011725900,28.506450,(-1.7560, 1.6360, 6.6500),(0.000, 270.000, 0.000)
29025393600,28.520140,(-1.7560, 1.6360, 6.6500),(0.000, 270.000, 0.000)
29039171900,28.534280,(-1.7560, 1.6360, 6.6500),(0.000, 270.000, 0.000)
29053189600,28.547950,(-1.7560, 1.6360, 6.6500),(0.000, 270.000, 0.000)
29067507500,28.562210,(-1.7560, 1.6360, 6.6500),(0.000, 270.000, 0.000)
29080736400,28.575640,(-1.7560, 1.6360, 6.6500),(0.000, 270.000, 0.000)
29095020800,28.589830,(-1.7560, 1.6360, 6.6500),(0.000, 270.000, 0.000)
29109123100,28.603920,(-1.7560, 1.6360, 6.6500),(0.000, 270.000, 0.000)
29122518400,28.617560,(-1.7560, 1.6360, 6.6500),(0.000, 270.000, 0.000)
29141894900,28.636610,(-1.7560, 1.6360, 6.6500),(0.000, 270.000, 0.000)
29150761300,28.645570,(-1.7560, 1.6360, 6.6500),(0.000, 270.000, 0.000)
29164381700,28.659430,(-1.7560, 1.6360, 6.6500),(0.000, 270.000, 0.000)
29178332900,28.673180,(-1.7560, 1.6360, 6.6500),(0.000, 270.000, 0.000)
29192357200,28.687170,(-1.7560, 1.6360, 6.6500),(0.000, 270.000, 0.000)
29206182100,28.700970,(-1.7560, 1.6360, 6.6500),(0.000, 270.000, 0.000)
29220211600,28.714980,(-1.7560, 1.6360, 6.6500),(0.000, 270.000, 0.000)
29234192000,28.728990,(-1.7560, 1.6360, 6.6500),(0.000, 270.000, 0.000)
29248070100,28.742760,(-1.7560, 1.6360, 6.6500),(0.000, 270.000, 0.000)
29261743300,28.756810,(-1.7560, 1.6360, 6.6500),(0.000, 270.000, 0.000)
29275859700,28.770700,(-1.7560, 1.6360, 6.6500),(0.000, 270.000, 0.000)
29289877900,28.784690,(-1.7560, 1.6360, 6.6500),(0.000, 270.000, 0.000)
29303541700,28.798610,(-1.7560, 1.6360, 6.6500),(0.000, 270.000, 0.000)
29317696800,28.812510,(-1.7560, 1.6360, 6.6500),(0.000, 270.000, 0.000)
29331634100,28.826470,(-1.7560, 1.6360, 6.6500),(0.000, 270.000, 0.000)
29350934700,28.845700,(-1.7560, 1.6360, 6.6500),(0.000, 270.000, 0.000)
29359361700,28.854470,(-1.7560, 1.6360, 6.6500),(0.000, 270.000, 0.000)
29373574700,28.868370,(-1.7560, 1.6360, 6.6500),(0.000, 270.000, 0.000)
29387340400,28.882150,(-1.7560, 1.6360, 6.6500),(0.000, 270.000, 0.000)
29401216700,28.896280,(-1.7560, 1.6360, 6.6500),(0.000, 270.000, 0.000)
29415266800,28.910080,(-1.7560, 1.6360, 6.6500),(0.000, 270.000, 0.000)
29429325300,28.924100,(-1.7560, 1.6360, 6.6500),(0.000, 270.000, 0.000)
29443000500,28.938050,(-1.7560, 1.6360, 6.6500),(0.000, 270.000, 0.000)
29457012400,28.951840,(-1.7560, 1.6360, 6.6500),(0.000, 270.000, 0.000)
29470865100,28.965700,(-1.7560, 1.6360, 6.6500),(0.000, 270.000, 0.000)
29484728800,28.979800,(-1.7560, 1.6360, 6.6500),(0.000, 270.000, 0.000)
29498688100,28.993530,(-1.7560, 1.6360, 6.6500),(0.000, 270.000, 0.000)
29512777600,29.007540,(-1.7560, 1.6360, 6.6500),(0.000, 270.000, 0.000)
29526707600,29.021470,(-1.7560, 1.6360, 6.6500),(0.000, 270.000, 0.000)
29540133200,29.035260,(-1.7560, 1.6360, 6.6500),(0.000, 270.000, 0.000)
29559968700,29.054700,(-1.7560, 1.6360, 6.6500),(0.000, 270.000, 0.000)
29568447100,29.063270,(-1.7560, 1.6360, 6.6500),(0.000, 270.000, 0.000)
29582320500,29.077410,(-1.7560, 1.6360, 6.6500),(0.000, 270.000, 0.000)
29596084900,29.090930,(-1.7560, 1.6360, 6.6500),(0.000, 270.000, 0.000)
29610119700,29.104950,(-1.7560, 1.6360, 6.6500),(0.000, 270.000, 0.000)
29623916800,29.119010,(-1.7560, 1.6360, 6.6500),(0.000, 270.000, 0.000)
29637852800,29.132730,(-1.7560, 1.6360, 6.6500),(0.000, 270.000, 0.000)
29652252300,29.146980,(-1.7560, 1.6360, 6.6500),(0.000, 270.000, 0.000)
29665998400,29.160780,(-1.7560, 1.6360, 6.6500),(0.000, 270.000, 0.000)
29679268700,29.174460,(-1.7560, 1.6360, 6.6500),(0.000, 270.000, 0.000)
29693725300,29.188560,(-1.7560, 1.6360, 6.6500),(0.000, 270.000, 0.000)
29707540000,29.202430,(-1.7560, 1.6360, 6.6500),(0.000, 270.000, 0.000)
29721364500,29.216490,(-1.7560, 1.6360, 6.6500),(0.000, 270.000, 0.000)
29735535300,29.230360,(-1.7560, 1.6360, 6.6500),(0.000, 270.000, 0.000)
29749552100,29.244360,(-1.7560, 1.6360, 6.6500),(0.000, 270.000, 0.000)
29768826900,29.263630,(-1.7560, 1.6360, 6.6500),(0.000, 270.000, 0.000)
29777063300,29.272170,(-1.7560, 1.6360, 6.6500),(0.000, 270.000, 0.000)
29791800100,29.285900,(-1.7560, 1.6360, 6.6500),(0.000, 270.000, 0.000)
29804856800,29.299950,(-1.7560, 1.6360, 6.6500),(0.000, 270.000, 0.000)
29819105700,29.313950,(-1.7560, 1.6360, 6.6500),(0.000, 270.000, 0.000)
29833031100,29.327800,(-1.7560, 1.6360, 6.6500),(0.000, 270.000, 0.000)
29846960900,29.341780,(-1.7560, 1.6360, 6.6500),(0.000, 270.000, 0.000)
29860558400,29.355650,(-1.7560, 1.6360, 6.6500),(0.000, 270.000, 0.000)
29874809700,29.369660,(-1.7560, 1.6360, 6.6500),(0.000, 270.000, 0.000)
29888788400,29.383610,(-1.7560, 1.6360, 6.6500),(0.000, 270.000, 0.000)
29902378900,29.397480,(-1.7560, 1.6360, 6.6500),(0.000, 270.000, 0.000)
29916675300,29.411500,(-1.7560, 1.6360, 6.6500),(0.000, 270.000, 0.000)
29930600100,29.425380,(-1.7560, 1.6360, 6.6500),(0.000, 270.000, 0.000)
29944312500,29.439430,(-1.7560, 1.6360, 6.6500),(0.000, 270.000, 0.000)
29958395200,29.453230,(-1.7560, 1.6360, 6.6500),(0.000, 270.000, 0.000)
29977722000,29.472450,(-1.7560, 1.6360, 6.6500),(0.000, 270.000, 0.000)
29986401600,29.481210,(-1.7560, 1.6360, 6.6500),(0.000, 270.000, 0.000)
29999785900,29.494920,(-1.7560, 1.6360, 6.6500),(0.000, 270.000, 0.000)
30014338300,29.509050,(-1.7560, 1.6360, 6.6500),(0.000, 270.000, 0.000)
30028202700,29.523000,(-1.7560, 1.6360, 6.6500),(0.000, 270.000, 0.000)
30041881300,29.536970,(-1.7560, 1.6360, 6.6500),(0.000, 270.000, 0.000)
30055933300,29.550750,(-1.7560, 1.6360, 6.6500),(0.000, 270.000, 0.000)
30069875900,29.564690,(-1.7560, 1.6360, 6.6500),(0.000, 270.000, 0.000)
30083624400,29.578730,(-1.7560, 1.6360, 6.6500),(0.000, 270.000, 0.000)
30097778300,29.592580,(-1.7560, 1.6360, 6.6500),(0.000, 270.000, 0.000)
30111709300,29.606560,(-1.7560, 1.6360, 6.6500),(0.000, 270.000, 0.000)
30125814100,29.620570,(-1.7560, 1.6360, 6.6500),(0.000, 270.000, 0.000)
30139339300,29.634410,(-1.7560, 1.6360, 6.6500),(0.000, 270.000, 0.000)
30153694500,29.648520,(-1.7560, 1.6360, 6.6500),(0.000, 270.000, 0.000)
30167663700,29.662480,(-1.7560, 1.6360, 6.6500),(0.000, 270.000, 0.000)
30187174500,29.681910,(-1.7560, 1.6360, 6.6500),(0.000, 270.000, 0.000)
30195274300,29.690370,(-1.7560, 1.6360, 6.6500),(0.000, 270.000, 0.000)
30209339100,29.704160,(-1.7560, 1.6360, 6.6500),(0.000, 270.000, 0.000)
30223036700,29.718120,(-1.7560, 1.6360, 6.6500),(0.000, 270.000, 0.000)
30237344800,29.732070,(-1.7560, 1.6360, 6.6500),(0.000, 270.000, 0.000)
30251238100,29.746030,(-1.7560, 1.6360, 6.6500),(0.000, 270.000, 0.000)
30264948900,29.759990,(-1.7560, 1.6360, 6.6500),(0.000, 270.000, 0.000)
30278954700,29.773760,(-1.7560, 1.6360, 6.6500),(0.000, 270.000, 0.000)
30292721100,29.787530,(-1.7560, 1.6360, 6.6500),(0.000, 270.000, 0.000)
30306817700,29.801650,(-1.7560, 1.6360, 6.6500),(0.000, 270.000, 0.000)
30320336700,29.815350,(-1.7560, 1.6360, 6.6500),(0.000, 270.000, 0.000)
30334535600,29.829410,(-1.7560, 1.6360, 6.6500),(0.000, 270.000, 0.000)
30348558800,29.843390,(-1.7560, 1.6360, 6.6500),(0.000, 270.000, 0.000)
30362133700,29.857200,(-1.7560, 1.6360, 6.6500),(0.000, 270.000, 0.000)
30376159700,29.871010,(-1.7560, 1.6360, 6.6500),(0.000, 270.000, 0.000)
30395820300,29.890590,(-1.7560, 1.6360, 6.6500),(0.000, 270.000, 0.000)
30404124100,29.899200,(-1.7560, 1.6360, 6.6500),(0.000, 270.000, 0.000)
30418166400,29.913000,(-1.7560, 1.6360, 6.6500),(0.000, 270.000, 0.000)
30432038100,29.926820,(-1.7560, 1.6360, 6.6500),(0.000, 270.000, 0.000)
30445920900,29.940650,(-1.7560, 1.6360, 6.6500),(0.000, 270.000, 0.000)
30459684800,29.954700,(-1.7560, 1.6360, 6.6500),(0.000, 270.000, 0.000)
30473655300,29.968490,(-1.7560, 1.6360, 6.6500),(0.000, 270.000, 0.000)
30487786900,29.982530,(-1.7560, 1.6360, 6.6500),(0.000, 270.000, 0.000)
30501356500,29.996440,(-1.7560, 1.6360, 6.6500),(0.000, 270.000, 0.000)
30515508900,30.010310,(-1.7560, 1.6360, 6.6500),(0.000, 270.000, 0.000)
30529492000,30.024310,(-1.7560, 1.6360, 6.6500),(0.000, 270.000, 0.000)
30543027500,30.038110,(-1.7560, 1.6360, 6.6500),(0.000, 270.000, 0.000)
30560365500,30.055040,(-1.7560, 1.6360, 6.6500),(0.000, 270.000, 0.000)
30574580500,30.069190,(-1.7560, 1.6360, 6.6500),(0.000, 270.000, 0.000)
30589067200,30.083400,(-1.7560, 1.6360, 6.6500),(0.000, 270.000, 0.000)
30609217500,30.103430,(-1.7560, 1.6360, 6.6500),(0.000, 270.000, 0.000)
30630945600,30.125170,(-1.7560, 1.6360, 6.6500),(0.000, 270.000, 0.000)
30643995200,30.138710,(-1.7560, 1.6360, 6.6500),(0.000, 270.000, 0.000)
30658493900,30.152740,(-1.7560, 1.6360, 6.6500),(0.000, 270.000, 0.000)
30672066100,30.166460,(-1.7560, 1.6360, 6.6500),(0.000, 270.000, 0.000)
30686438300,30.180580,(-1.7560, 1.6360, 6.6500),(0.000, 270.000, 0.000)
30699822000,30.194640,(-1.7560, 1.6360, 6.6500),(0.000, 270.000, 0.000)
30729932500,30.222600,(-1.7560, 1.6360, 6.6500),(0.000, 270.000, 0.000)
30742197300,30.237080,(-1.7560, 1.6360, 6.6500),(0.000, 270.000, 0.000)
30754138300,30.248840,(-1.7560, 1.6360, 6.6500),(0.000, 270.000, 0.000)
30768011500,30.262770,(-1.7560, 1.6360, 6.6500),(0.000, 270.000, 0.000)
30780918800,30.275900,(-1.7560, 1.6360, 6.6500),(0.000, 270.000, 0.000)
30795044300,30.289810,(-1.7560, 1.6360, 6.6500),(0.000, 270.000, 0.000)
30815324100,30.310120,(-1.7560, 1.6360, 6.6500),(0.000, 270.000, 0.000)
30822956800,30.318030,(-1.7560, 1.6360, 6.6500),(0.000, 270.000, 0.000)
30835863300,30.330560,(-1.7560, 1.6360, 6.6500),(0.000, 270.000, 0.000)
30849853300,30.344570,(-1.7560, 1.6360, 6.6500),(0.000, 270.000, 0.000)
30863003300,30.358030,(-1.7560, 1.6360, 6.6500),(0.000, 270.000, 0.000)
30877200700,30.371890,(-1.7560, 1.6360, 6.6500),(0.000, 270.000, 0.000)
30890892700,30.385710,(-1.7560, 1.6360, 6.6500),(0.000, 270.000, 0.000)
30904459900,30.399540,(-1.7560, 1.6360, 6.6500),(0.000, 270.000, 0.000)
30918669500,30.413410,(-1.7560, 1.6360, 6.6500),(0.000, 270.000, 0.000)
30932463500,30.427290,(-1.7560, 1.6360, 6.6500),(0.000, 270.000, 0.000)
30946522500,30.441330,(-1.7560, 1.6360, 6.6500),(0.000, 270.000, 0.000)
30960042800,30.455100,(-1.7560, 1.6360, 6.6500),(0.000, 270.000, 0.000)
30974364300,30.469110,(-1.7560, 1.6360, 6.6500),(0.000, 270.000, 0.000)
30987971900,30.483110,(-1.7560, 1.6360, 6.6500),(0.000, 270.000, 0.000)
31001220900,30.496620,(-1.7560, 1.6360, 6.6500),(0.000, 270.000, 0.000)
31026042100,30.520950,(-1.7560, 1.6360, 6.6500),(0.000, 270.000, 0.000)
31043385200,30.538710,(-1.7560, 1.6360, 6.6500),(0.000, 270.000, 0.000)
31057164300,30.552290,(-1.7560, 1.6360, 6.6500),(0.000, 270.000, 0.000)
31071088400,30.566210,(-1.7560, 1.6360, 6.6500),(0.000, 270.000, 0.000)
31085303700,30.580430,(-1.7560, 1.6360, 6.6500),(0.000, 270.000, 0.000)
31098659900,30.594050,(-1.7560, 1.6360, 6.6500),(0.000, 270.000, 0.000)
31113032300,30.608100,(-1.7560, 1.6360, 6.6500),(0.000, 270.000, 0.000)
31127093600,30.622180,(-1.7560, 1.6360, 6.6500),(0.000, 270.000, 0.000)
31140890500,30.636290,(-1.7560, 1.6360, 6.6500),(0.000, 270.000, 0.000)
31154946300,30.649670,(-1.7560, 1.6360, 6.6500),(0.000, 270.000, 0.000)
31168650900,30.663750,(-1.7560, 1.6360, 6.6500),(0.000, 270.000, 0.000)
31182341700,30.677730,(-1.7560, 1.6360, 6.6500),(0.000, 270.000, 0.000)
31196327700,30.691470,(-1.7560, 1.6360, 6.6500),(0.000, 270.000, 0.000)
31210555700,30.705670,(-1.7560, 1.6360, 6.6500),(0.000, 270.000, 0.000)
31231131300,30.725980,(-1.7560, 1.6360, 6.6500),(0.000, 270.000, 0.000)
31238238500,30.733630,(-1.7560, 1.6360, 6.6500),(0.000, 270.000, 0.000)
31252166500,30.747280,(-1.7560, 1.6360, 6.6500),(0.000, 270.000, 0.000)
31266360100,30.761430,(-1.7560, 1.6360, 6.6500),(0.000, 270.000, 0.000)
31280153300,30.775500,(-1.7560, 1.6360, 6.6500),(0.000, 270.000, 0.000)
31294033300,30.789150,(-1.7560, 1.6360, 6.6500),(0.000, 270.000, 0.000)
31308144100,30.803210,(-1.7560, 1.6360, 6.6500),(0.000, 270.000, 0.000)
31321604800,30.816980,(-1.7560, 1.6360, 6.6500),(0.000, 270.000, 0.000)
31335745600,30.830900,(-1.7560, 1.6360, 6.6500),(0.000, 270.000, 0.000)
31349590000,30.844710,(-1.7560, 1.6360, 6.6500),(0.000, 270.000, 0.000)
31363404800,30.858810,(-1.7560, 1.6360, 6.6500),(0.000, 270.000, 0.000)
31377556100,30.872670,(-1.7560, 1.6360, 6.6500),(0.000, 270.000, 0.000)
31391428500,30.886520,(-1.7560, 1.6360, 6.6500),(0.000, 270.000, 0.000)
31405478500,30.900600,(-1.7560, 1.6360, 6.6500),(0.000, 270.000, 0.000)
31419391900,30.914460,(-1.7560, 1.6360, 6.6500),(0.000, 270.000, 0.000)
31440540500,30.935100,(-1.7560, 1.6360, 6.6500),(0.000, 270.000, 0.000)
31448295300,30.943140,(-1.7560, 1.6360, 6.6500),(0.000, 270.000, 0.000)
31461071100,30.956060,(-1.7560, 1.6360, 6.6500),(0.000, 270.000, 0.000)
31475444700,30.970200,(-1.7560, 1.6360, 6.6500),(0.000, 270.000, 0.000)
31489462500,30.984260,(-1.7560, 1.6360, 6.6500),(0.000, 270.000, 0.000)
31503031300,30.998040,(-1.7560, 1.6360, 6.6500),(0.000, 270.000, 0.000)
31517157300,31.011930,(-1.7560, 1.6360, 6.6500),(0.000, 270.000, 0.000)
31531067700,31.025840,(-1.7560, 1.6360, 6.6500),(0.000, 270.000, 0.000)
31544930100,31.039980,(-1.7560, 1.6360, 6.6500),(0.000, 270.000, 0.000)
31558791200,31.053530,(-1.7560, 1.6360, 6.6500),(0.000, 270.000, 0.000)
31572925500,31.067650,(-1.7560, 1.6360, 6.6500),(0.000, 270.000, 0.000)
31586742000,31.081510,(-1.7560, 1.6360, 6.6500),(0.000, 270.000, 0.000)
31600613700,31.095610,(-1.7560, 1.6360, 6.6500),(0.000, 270.000, 0.000)
31614735900,31.109500,(-1.7560, 1.6360, 6.6500),(0.000, 270.000, 0.000)
31628551100,31.123360,(-1.7560, 1.6360, 6.6500),(0.000, 270.000, 0.000)
31649555700,31.144310,(-1.7560, 1.6360, 6.6500),(0.000, 270.000, 0.000)
31657386800,31.152480,(-1.7560, 1.6360, 6.6500),(0.000, 270.000, 0.000)
31669925300,31.164750,(-1.7560, 1.6360, 6.6500),(0.000, 270.000, 0.000)
31683911200,31.178970,(-1.7560, 1.6360, 6.6500),(0.000, 270.000, 0.000)
31698022000,31.192770,(-1.7560, 1.6360, 6.6500),(0.000, 270.000, 0.000)
31712332100,31.207120,(-1.7560, 1.6360, 6.6500),(0.000, 270.000, 0.000)
31726036800,31.220770,(-1.7560, 1.6360, 6.6500),(0.000, 270.000, 0.000)
31739520100,31.234580,(-1.7560, 1.6360, 6.6500),(0.000, 270.000, 0.000)
31753919600,31.248720,(-1.7560, 1.6360, 6.6500),(0.000, 270.000, 0.000)
31767729300,31.262550,(-1.7560, 1.6360, 6.6500),(0.000, 270.000, 0.000)
31781551600,31.276620,(-1.7560, 1.6360, 6.6500),(0.000, 270.000, 0.000)
31795706100,31.290480,(-1.7560, 1.6360, 6.6500),(0.000, 270.000, 0.000)
31809712100,31.304470,(-1.7560, 1.6360, 6.6500),(0.000, 270.000, 0.000)
31823164500,31.318240,(-1.7560, 1.6360, 6.6500),(0.000, 270.000, 0.000)
31837542900,31.332380,(-1.7560, 1.6360, 6.6500),(0.000, 270.000, 0.000)
31857869900,31.352620,(-1.7560, 1.6360, 6.6500),(0.000, 270.000, 0.000)
31865801900,31.360540,(-1.7560, 1.6360, 6.6500),(0.000, 270.000, 0.000)
31878997600,31.374020,(-1.7560, 1.6360, 6.6500),(0.000, 270.000, 0.000)
31892780400,31.387610,(-1.7560, 1.6360, 6.6500),(0.000, 270.000, 0.000)
31907148500,31.401960,(-1.7560, 1.6360, 6.6500),(0.000, 270.000, 0.000)
31920762400,31.415810,(-1.7560, 1.6360, 6.6500),(0.000, 270.000, 0.000)
31934858900,31.429670,(-1.7560, 1.6360, 6.6500),(0.000, 270.000, 0.000)
31949045600,31.443790,(-1.7560, 1.6360, 6.6500),(0.000, 270.000, 0.000)
31963092500,31.458090,(-1.7560, 1.6360, 6.6500),(0.000, 270.000, 0.000)
31976674800,31.471430,(-1.7560, 1.6360, 6.6500),(0.000, 270.000, 0.000)
31991513600,31.486130,(-1.7560, 1.6360, 6.6500),(0.000, 270.000, 0.000)
32004440700,31.499490,(-1.7560, 1.6360, 6.6500),(0.000, 270.000, 0.000)
32018694100,31.513410,(-1.7560, 1.6360, 6.6500),(0.000, 270.000, 0.000)
32032653700,31.527440,(-1.7560, 1.6360, 6.6500),(0.000, 270.000, 0.000)
32046425500,31.541230,(-1.7560, 1.6360, 6.6500),(0.000, 270.000, 0.000)
32067327300,31.562040,(-1.7560, 1.6360, 6.6500),(0.000, 270.000, 0.000)
32074987900,31.570090,(-1.7560, 1.6360, 6.6500),(0.000, 270.000, 0.000)
32088221300,31.582980,(-1.7560, 1.6360, 6.6500),(0.000, 270.000, 0.000)
32101890400,31.596930,(-1.7560, 1.6360, 6.6500),(0.000, 270.000, 0.000)
32116272100,31.610930,(-1.7560, 1.6360, 6.6500),(0.000, 270.000, 0.000)
32130243300,31.624850,(-1.7560, 1.6360, 6.6500),(0.000, 270.000, 0.000)
32143834900,31.638890,(-1.7560, 1.6360, 6.6500),(0.000, 270.000, 0.000)
32157620800,31.652450,(-1.7560, 1.6360, 6.6500),(0.000, 270.000, 0.000)
32171493100,31.666280,(-1.7560, 1.6360, 6.6500),(0.000, 270.000, 0.000)
32185838500,31.680620,(-1.7560, 1.6360, 6.6500),(0.000, 270.000, 0.000)
32199096500,31.694250,(-1.7560, 1.6360, 6.6500),(0.000, 270.000, 0.000)
32213505300,31.708300,(-1.7560, 1.6360, 6.6500),(0.000, 270.000, 0.000)
32227370000,31.722170,(-1.7560, 1.6360, 6.6500),(0.000, 270.000, 0.000)
32241335700,31.736390,(-1.7560, 1.6360, 6.6500),(0.000, 270.000, 0.000)
32255318400,31.750010,(-1.7560, 1.6360, 6.6500),(0.000, 270.000, 0.000)
32275715600,31.770540,(-1.7560, 1.6360, 6.6500),(0.000, 270.000, 0.000)
32283103700,31.778150,(-1.7560, 1.6360, 6.6500),(0.000, 270.000, 0.000)
32297145900,31.791870,(-1.7560, 1.6360, 6.6500),(0.000, 270.000, 0.000)
32311142000,31.805820,(-1.7560, 1.6360, 6.6500),(0.000, 270.000, 0.000)
32324843700,31.819840,(-1.7560, 1.6360, 6.6500),(0.000, 270.000, 0.000)
32339274500,31.834050,(-1.7560, 1.6360, 6.6500),(0.000, 270.000, 0.000)
32352542000,31.847360,(-1.7560, 1.6360, 6.6500),(0.000, 270.000, 0.000)
32367043700,31.861750,(-1.7560, 1.6360, 6.6500),(0.000, 270.000, 0.000)
32380573200,31.875600,(-1.7560, 1.6360, 6.6500),(0.000, 270.000, 0.000)
32395114800,31.889850,(-1.7560, 1.6360, 6.6500),(0.000, 270.000, 0.000)
32408907300,31.903370,(-1.7560, 1.6360, 6.6500),(0.000, 270.000, 0.000)
32422877300,31.917550,(-1.7560, 1.6360, 6.6500),(0.000, 270.000, 0.000)
32436761300,31.931420,(-1.7560, 1.6360, 6.6500),(0.000, 270.000, 0.000)
32450388100,31.945220,(-1.7560, 1.6360, 6.6500),(0.000, 270.000, 0.000)
32464579500,31.959600,(-1.7560, 1.6360, 6.6500),(0.000, 270.000, 0.000)
32486068500,31.980450,(-1.7560, 1.6360, 6.6500),(0.000, 270.000, 0.000)
32506867600,32.001540,(-1.7560, 1.6360, 6.6500),(0.000, 270.000, 0.000)
32520718900,32.015500,(-1.7560, 1.6360, 6.6500),(0.000, 270.000, 0.000)
32534411900,32.028940,(-1.7560, 1.6360, 6.6500),(0.000, 270.000, 0.000)
32548328400,32.042900,(-1.7560, 1.6360, 6.6500),(0.000, 270.000, 0.000)
32561812100,32.056630,(-1.7560, 1.6360, 6.6500),(0.000, 270.000, 0.000)
32576270700,32.070870,(-1.7560, 1.6360, 6.6500),(0.000, 270.000, 0.000)
32590119900,32.084670,(-1.7560, 1.6360, 6.6500),(0.000, 270.000, 0.000)
32603331200,32.098340,(-1.7560, 1.6360, 6.6500),(0.000, 270.000, 0.000)
32617258500,32.112010,(-1.7560, 1.6360, 6.6500),(0.000, 270.000, 0.000)
32631378900,32.126000,(-1.7560, 1.6360, 6.6500),(0.000, 270.000, 0.000)
32645336500,32.140070,(-1.7560, 1.6360, 6.6500),(0.000, 270.000, 0.000)
32658837100,32.153870,(-1.7560, 1.6360, 6.6500),(0.000, 270.000, 0.000)
32673197900,32.167880,(-1.7560, 1.6360, 6.6500),(0.000, 270.000, 0.000)
32694000100,32.188760,(-1.7560, 1.6360, 6.6500),(0.000, 270.000, 0.000)
32702098500,32.197090,(-1.7560, 1.6360, 6.6500),(0.000, 270.000, 0.000)
32715000100,32.209590,(-1.7560, 1.6360, 6.6500),(0.000, 270.000, 0.000)
32728753500,32.223490,(-1.7560, 1.6360, 6.6500),(0.000, 270.000, 0.000)
32742200300,32.237170,(-1.7560, 1.6360, 6.6500),(0.000, 270.000, 0.000)
32756479900,32.251250,(-1.7560, 1.6360, 6.6500),(0.000, 270.000, 0.000)
32770816100,32.265450,(-1.7560, 1.6360, 6.6500),(0.000, 270.000, 0.000)
32785442100,32.280110,(-1.7560, 1.6360, 6.6500),(0.000, 270.000, 0.000)
32798209900,32.293210,(-1.7560, 1.6360, 6.6500),(0.000, 270.000, 0.000)
32812206900,32.306910,(-1.7560, 1.6360, 6.6500),(0.000, 270.000, 0.000)
32826728300,32.321220,(-1.7560, 1.6360, 6.6500),(0.000, 270.000, 0.000)
32840123300,32.335110,(-1.7560, 1.6360, 6.6500),(0.000, 270.000, 0.000)
32854125500,32.348880,(-1.7560, 1.6360, 6.6500),(0.000, 270.000, 0.000)
32868142900,32.362810,(-1.7560, 1.6360, 6.6500),(0.000, 270.000, 0.000)
32881657500,32.376680,(-1.7560, 1.6360, 6.6500),(0.000, 270.000, 0.000)
32903267600,32.397930,(-1.7560, 1.6360, 6.6500),(0.000, 270.000, 0.000)
32912103300,32.406640,(-1.7560, 1.6360, 6.6500),(0.000, 270.000, 0.000)
32923515300,32.418390,(-1.7560, 1.6360, 6.6500),(0.000, 270.000, 0.000)
32937985100,32.432710,(-1.7560, 1.6360, 6.6500),(0.000, 270.000, 0.000)
32951558100,32.446300,(-1.7560, 1.6360, 6.6500),(0.000, 270.000, 0.000)
32965603200,32.460270,(-1.7560, 1.6360, 6.6500),(0.000, 270.000, 0.000)
32979060500,32.474090,(-1.7560, 1.6360, 6.6500),(0.000, 270.000, 0.000)
32993219300,32.487930,(-1.7560, 1.6360, 6.6500),(0.000, 270.000, 0.000)
33007297300,32.501930,(-1.7560, 1.6360, 6.6500),(0.000, 270.000, 0.000)
33021919100,32.516770,(-1.7560, 1.6360, 6.6500),(0.000, 270.000, 0.000)
33035168100,32.529930,(-1.7560, 1.6360, 6.6500),(0.000, 270.000, 0.000)
33048976500,32.543740,(-1.7560, 1.6360, 6.6500),(0.000, 270.000, 0.000)
33063092100,32.557820,(-1.7560, 1.6360, 6.6500),(0.000, 270.000, 0.000)
33076961300,32.571690,(-1.7560, 1.6360, 6.6500),(0.000, 270.000, 0.000)
33091020900,32.585830,(-1.7560, 1.6360, 6.6500),(0.000, 270.000, 0.000)
33112137200,32.606830,(-1.7560, 1.6360, 6.6500),(0.000, 270.000, 0.000)
33119753300,32.614780,(-1.7560, 1.6360, 6.6500),(0.000, 270.000, 0.000)
33132520900,32.627260,(-1.7560, 1.6360, 6.6500),(0.000, 270.000, 0.000)
33146496500,32.641200,(-1.7560, 1.6360, 6.6500),(0.000, 270.000, 0.000)
33160176800,32.655220,(-1.7560, 1.6360, 6.6500),(0.000, 270.000, 0.000)
33174362100,32.669130,(-1.7560, 1.6360, 6.6500),(0.000, 270.000, 0.000)
33188473500,32.683210,(-1.7560, 1.6360, 6.6500),(0.000, 270.000, 0.000)
33202040500,32.697070,(-1.7560, 1.6360, 6.6500),(0.000, 270.000, 0.000)
33216173700,32.710910,(-1.7560, 1.6360, 6.6500),(0.000, 270.000, 0.000)
33230147900,32.724900,(-1.7560, 1.6360, 6.6500),(0.000, 270.000, 0.000)
33243877500,32.738950,(-1.7560, 1.6360, 6.6500),(0.000, 270.000, 0.000)
33258081500,32.752740,(-1.7560, 1.6360, 6.6500),(0.000, 270.000, 0.000)
33271967200,32.766770,(-1.7560, 1.6360, 6.6500),(0.000, 270.000, 0.000)
33286269500,32.780790,(-1.7560, 1.6360, 6.6500),(0.000, 270.000, 0.000)
33299645700,32.794720,(-1.7560, 1.6360, 6.6500),(0.000, 270.000, 0.000)
33321070800,32.815810,(-1.7560, 1.6360, 6.6500),(0.000, 270.000, 0.000)
33328501500,32.823400,(-1.7560, 1.6360, 6.6500),(0.000, 270.000, 0.000)
33341460800,32.836530,(-1.7560, 1.6360, 6.6500),(0.000, 270.000, 0.000)
33355688500,32.850480,(-1.7560, 1.6360, 6.6500),(0.000, 270.000, 0.000)
33369565600,32.864270,(-1.7560, 1.6360, 6.6500),(0.000, 270.000, 0.000)
33383313200,32.878350,(-1.7560, 1.6360, 6.6500),(0.000, 270.000, 0.000)
33397546900,32.892320,(-1.7560, 1.6360, 6.6500),(0.000, 270.000, 0.000)
33411516000,32.906300,(-1.7560, 1.6360, 6.6500),(0.000, 270.000, 0.000)
33425357700,32.920130,(-1.7560, 1.6360, 6.6500),(0.000, 270.000, 0.000)
33438942900,32.934000,(-1.7560, 1.6360, 6.6500),(0.000, 270.000, 0.000)
33453340300,32.948120,(-1.7560, 1.6360, 6.6500),(0.000, 270.000, 0.000)
33467088000,32.961890,(-1.7560, 1.6360, 6.6500),(0.000, 270.000, 0.000)
33480780500,32.975770,(-1.7560, 1.6360, 6.6500),(0.000, 270.000, 0.000)
33494778300,32.989620,(-1.7560, 1.6360, 6.6500),(0.000, 270.000, 0.000)
33508958700,33.003710,(-1.7560, 1.6360, 6.6500),(0.000, 270.000, 0.000)
33529724500,33.024520,(-1.7560, 1.6360, 6.6500),(0.000, 270.000, 0.000)
33536317700,33.031440,(-1.7560, 1.6360, 6.6500),(0.000, 270.000, 0.000)
33550657700,33.045350,(-1.7560, 1.6360, 6.6500),(0.000, 270.000, 0.000)
33564075700,33.059130,(-1.7560, 1.6360, 6.6500),(0.000, 270.000, 0.000)
33578225900,33.073030,(-1.7560, 1.6360, 6.6500),(0.000, 270.000, 0.000)
33592339700,33.087070,(-1.7560, 1.6360, 6.6500),(0.000, 270.000, 0.000)
33606218400,33.101010,(-1.7560, 1.6360, 6.6500),(0.000, 270.000, 0.000)
33619730900,33.114790,(-1.7560, 1.6360, 6.6500),(0.000, 270.000, 0.000)
33634308400,33.129020,(-1.7560, 1.6360, 6.6500),(0.000, 270.000, 0.000)
33648273500,33.142900,(-1.7560, 1.6360, 6.6500),(0.000, 270.000, 0.000)
33662427500,33.157300,(-1.7560, 1.6360, 6.6500),(0.000, 270.000, 0.000)
33676954100,33.171590,(-1.7560, 1.6360, 6.6500),(0.000, 270.000, 0.000)
33690265300,33.184830,(-1.7560, 1.6360, 6.6500),(0.000, 270.000, 0.000)
33704546500,33.199430,(-1.7560, 1.6360, 6.6500),(0.000, 270.000, 0.000)
33717946100,33.212500,(-1.7560, 1.6360, 6.6500),(0.000, 270.000, 0.000)
33739750100,33.234260,(-1.7560, 1.6360, 6.6500),(0.000, 270.000, 0.000)
33747554000,33.242100,(-1.7560, 1.6360, 6.6500),(0.000, 270.000, 0.000)
33758907100,33.253780,(-1.7560, 1.6360, 6.6500),(0.000, 270.000, 0.000)
33773073300,33.267720,(-1.7560, 1.6360, 6.6500),(0.000, 270.000, 0.000)
33787130700,33.281780,(-1.7560, 1.6360, 6.6500),(0.000, 270.000, 0.000)
33800846400,33.295810,(-1.7560, 1.6360, 6.6500),(0.000, 270.000, 0.000)
33814757100,33.309500,(-1.7560, 1.6360, 6.6500),(0.000, 270.000, 0.000)
33828675500,33.323470,(-1.7560, 1.6360, 6.6500),(0.000, 270.000, 0.000)
33842502500,33.337510,(-1.7560, 1.6360, 6.6500),(0.000, 270.000, 0.000)
33856643700,33.351440,(-1.7560, 1.6360, 6.6500),(0.000, 270.000, 0.000)
33870981300,33.365690,(-1.7560, 1.6360, 6.6500),(0.000, 270.000, 0.000)
33884723900,33.379690,(-1.7560, 1.6360, 6.6500),(0.000, 270.000, 0.000)
33898903200,33.393570,(-1.7560, 1.6360, 6.6500),(0.000, 270.000, 0.000)
33912540000,33.407270,(-1.7560, 1.6360, 6.6500),(0.000, 270.000, 0.000)
33927100300,33.421730,(-1.7560, 1.6360, 6.6500),(0.000, 270.000, 0.000)
33948005700,33.442690,(-1.7560, 1.6360, 6.6500),(0.000, 270.000, 0.000)
33954500300,33.449550,(-1.7560, 1.6360, 6.6500),(0.000, 270.000, 0.000)
33968331500,33.463000,(-1.7560, 1.6360, 6.6500),(0.000, 270.000, 0.000)
33981908400,33.476920,(-1.7560, 1.6360, 6.6500),(0.000, 270.000, 0.000)
33995965600,33.490690,(-1.7560, 1.6360, 6.6500),(0.000, 270.000, 0.000)
34009868700,33.504600,(-1.7560, 1.6360, 6.6500),(0.000, 270.000, 0.000)
34024288800,33.519230,(-1.7560, 1.6360, 6.6500),(0.000, 270.000, 0.000)
34037316500,33.532190,(-1.7560, 1.6360, 6.6500),(0.000, 270.000, 0.000)
34051693500,33.546480,(-1.7560, 1.6360, 6.6500),(0.000, 270.000, 0.000)
34066155600,33.560870,(-1.7560, 1.6360, 6.6500),(0.000, 270.000, 0.000)
34079166900,33.574240,(-1.7560, 1.6360, 6.6500),(0.000, 270.000, 0.000)
34093220000,33.588160,(-1.7560, 1.6360, 6.6500),(0.000, 270.000, 0.000)
34107522500,33.602360,(-1.7560, 1.6360, 6.6500),(0.000, 270.000, 0.000)
34121396300,33.616420,(-1.7560, 1.6360, 6.6500),(0.000, 270.000, 0.000)
34135322300,33.630080,(-1.7560, 1.6360, 6.6500),(0.000, 270.000, 0.000)
34156339700,33.651120,(-1.7560, 1.6360, 6.6500),(0.000, 270.000, 0.000)
34163027300,33.658100,(-1.7560, 1.6360, 6.6500),(0.000, 270.000, 0.000)
34177049300,33.671870,(-1.7560, 1.6360, 6.6500),(0.000, 270.000, 0.000)
34191152500,33.685960,(-1.7560, 1.6360, 6.6500),(0.000, 270.000, 0.000)
34204616500,33.699750,(-1.7560, 1.6360, 6.6500),(0.000, 270.000, 0.000)
34218860900,33.713730,(-1.7560, 1.6360, 6.6500),(0.000, 270.000, 0.000)
34232796500,33.727620,(-1.7560, 1.6360, 6.6500),(0.000, 270.000, 0.000)
34246740900,33.741560,(-1.7560, 1.6360, 6.6500),(0.000, 270.000, 0.000)
34260602400,33.755630,(-1.7560, 1.6360, 6.6500),(0.000, 270.000, 0.000)
34274668500,33.769490,(-1.7560, 1.6360, 6.6500),(0.000, 270.000, 0.000)
34288873300,33.783650,(-1.7560, 1.6360, 6.6500),(0.000, 270.000, 0.000)
34302142100,33.797190,(-1.7560, 1.6360, 6.6500),(0.000, 270.000, 0.000)
34316280700,33.811160,(-1.7560, 1.6360, 6.6500),(0.000, 270.000, 0.000)
34330375300,33.825210,(-1.7560, 1.6360, 6.6500),(0.000, 270.000, 0.000)
34344365700,33.839440,(-1.7560, 1.6360, 6.6500),(0.000, 270.000, 0.000)
34364984100,33.859730,(-1.7560, 1.6360, 6.6500),(0.000, 270.000, 0.000)
34371961100,33.866850,(-1.7560, 1.6360, 6.6500),(0.000, 270.000, 0.000)
34386059900,33.880890,(-1.7560, 1.6360, 6.6500),(0.000, 270.000, 0.000)
34399831300,33.894890,(-1.7560, 1.6360, 6.6500),(0.000, 270.000, 0.000)
34414061200,33.908920,(-1.7560, 1.6360, 6.6500),(0.000, 270.000, 0.000)
34427915700,33.922790,(-1.7560, 1.6360, 6.6500),(0.000, 270.000, 0.000)
34441394100,33.936500,(-1.7560, 1.6360, 6.6500),(0.000, 270.000, 0.000)
34455565700,33.950410,(-1.7560, 1.6360, 6.6500),(0.000, 270.000, 0.000)
34469413300,33.964290,(-1.7560, 1.6360, 6.6500),(0.000, 270.000, 0.000)
34483155700,33.978300,(-1.7560, 1.6360, 6.6500),(0.000, 270.000, 0.000)
34497450800,33.992290,(-1.7560, 1.6360, 6.6500),(0.000, 270.000, 0.000)
34511294100,34.006140,(-1.7560, 1.6360, 6.6500),(0.000, 270.000, 0.000)
34525397300,34.020190,(-1.7560, 1.6360, 6.6500),(0.000, 270.000, 0.000)
34538805300,34.033930,(-1.7560, 1.6360, 6.6500),(0.000, 270.000, 0.000)
34553154500,34.047940,(-1.7560, 1.6360, 6.6500),(0.000, 270.000, 0.000)
34574261700,34.069000,(-1.7560, 1.6360, 6.6500),(0.000, 270.000, 0.000)
34580692000,34.075750,(-1.7560, 1.6360, 6.6500),(0.000, 270.000, 0.000)
34594759300,34.089660,(-1.7560, 1.6360, 6.6500),(0.000, 270.000, 0.000)
34609489700,34.104180,(-1.7560, 1.6360, 6.6500),(0.000, 270.000, 0.000)
34622751300,34.117820,(-1.7560, 1.6360, 6.6500),(0.000, 270.000, 0.000)
34636661600,34.131490,(-1.7560, 1.6360, 6.6500),(0.000, 270.000, 0.000)
34650761300,34.145550,(-1.7560, 1.6360, 6.6500),(0.000, 270.000, 0.000)
34664533200,34.159570,(-1.7560, 1.6360, 6.6500),(0.000, 270.000, 0.000)
34678671700,34.173430,(-1.7560, 1.6360, 6.6500),(0.000, 270.000, 0.000)
34692563100,34.187310,(-1.7560, 1.6360, 6.6500),(0.000, 270.000, 0.000)
34706312000,34.201090,(-1.7560, 1.6360, 6.6500),(0.000, 270.000, 0.000)
34719830100,34.214920,(-1.7560, 1.6360, 6.6500),(0.000, 270.000, 0.000)
34734190100,34.228990,(-1.7560, 1.6360, 6.6500),(0.000, 270.000, 0.000)
34748275700,34.242950,(-1.7560, 1.6360, 6.6500),(0.000, 270.000, 0.000)
34761924500,34.256950,(-1.7560, 1.6360, 6.6500),(0.000, 270.000, 0.000)
34783332500,34.277920,(-1.7560, 1.6360, 6.6500),(0.000, 270.000, 0.000)
34790144900,34.285040,(-1.7560, 1.6360, 6.6500),(0.000, 270.000, 0.000)
34803638800,34.298740,(-1.7560, 1.6360, 6.6500),(0.000, 270.000, 0.000)
34817332100,34.312230,(-1.7560, 1.6360, 6.6500),(0.000, 270.000, 0.000)
34831657600,34.326450,(-1.7560, 1.6360, 6.6500),(0.000, 270.000, 0.000)
34845478100,34.340240,(-1.7560, 1.6360, 6.6500),(0.000, 270.000, 0.000)
34859359200,34.354390,(-1.7560, 1.6360, 6.6500),(0.000, 270.000, 0.000)
34873405700,34.368220,(-1.7560, 1.6360, 6.6500),(0.000, 270.000, 0.000)
34887640000,34.382390,(-1.7560, 1.6360, 6.6500),(0.000, 270.000, 0.000)
34901133300,34.396160,(-1.7560, 1.6360, 6.6500),(0.000, 270.000, 0.000)
34915351700,34.410110,(-1.7560, 1.6360, 6.6500),(0.000, 270.000, 0.000)
34929360500,34.424060,(-1.7560, 1.6360, 6.6500),(0.000, 270.000, 0.000)
34942742100,34.437800,(-1.7560, 1.6360, 6.6500),(0.000, 270.000, 0.000)
34956936500,34.451660,(-1.7560, 1.6360, 6.6500),(0.000, 270.000, 0.000)
34970871900,34.465680,(-1.7560, 1.6360, 6.6500),(0.000, 270.000, 0.000)
34991648900,34.486440,(-1.7560, 1.6360, 6.6500),(0.000, 270.000, 0.000)
34998272800,34.493380,(-1.7560, 1.6360, 6.6500),(0.000, 270.000, 0.000)
35012639200,34.507460,(-1.7560, 1.6360, 6.6500),(0.000, 270.000, 0.000)
35026443900,34.521290,(-1.7560, 1.6360, 6.6500),(0.000, 270.000, 0.000)
35040160500,34.535250,(-1.7560, 1.6360, 6.6500),(0.000, 270.000, 0.000)
35054401600,34.549210,(-1.7560, 1.6360, 6.6500),(0.000, 270.000, 0.000)
35068371200,34.563170,(-1.7560, 1.6360, 6.6500),(0.000, 270.000, 0.000)
35081923700,34.577040,(-1.7560, 1.6360, 6.6500),(0.000, 270.000, 0.000)
35096065100,34.590900,(-1.7560, 1.6360, 6.6500),(0.000, 270.000, 0.000)
35110215100,34.604980,(-1.7560, 1.6360, 6.6500),(0.000, 270.000, 0.000)
35123941100,34.619010,(-1.7560, 1.6360, 6.6500),(0.000, 270.000, 0.000)
35137957700,34.632810,(-1.7560, 1.6360, 6.6500),(0.000, 270.000, 0.000)
35151844900,34.646720,(-1.7560, 1.6360, 6.6500),(0.000, 270.000, 0.000)
35165918400,34.660740,(-1.7560, 1.6360, 6.6500),(0.000, 270.000, 0.000)
35179486800,34.674630,(-1.7560, 1.6360, 6.6500),(0.000, 270.000, 0.000)
35201909700,34.696510,(-1.7560, 1.6360, 6.6500),(0.000, 270.000, 0.000)
35209670800,34.704060,(-1.7560, 1.6360, 6.6500),(0.000, 270.000, 0.000)
35221625200,34.716530,(-1.7560, 1.6360, 6.6500),(0.000, 270.000, 0.000)
35236202900,34.730930,(-1.7560, 1.6360, 6.6500),(0.000, 270.000, 0.000)
35249714500,34.744350,(-1.7560, 1.6360, 6.6500),(0.000, 270.000, 0.000)
35263348300,34.758290,(-1.7560, 1.6360, 6.6500),(0.000, 270.000, 0.000)
35277492900,34.772220,(-1.7560, 1.6360, 6.6500),(0.000, 270.000, 0.000)
35291570500,34.786250,(-1.7560, 1.6360, 6.6500),(0.000, 270.000, 0.000)
35304981600,34.799980,(-1.7560, 1.6360, 6.6500),(0.000, 270.000, 0.000)
35319035500,34.813820,(-1.7560, 1.6360, 6.6500),(0.000, 270.000, 0.000)
35332766800,34.827610,(-1.7560, 1.6360, 6.6500),(0.000, 270.000, 0.000)
35346855300,34.841740,(-1.7560, 1.6360, 6.6500),(0.000, 270.000, 0.000)
35360336400,34.855500,(-1.7560, 1.6360, 6.6500),(0.000, 270.000, 0.000)
35374660500,34.869510,(-1.7560, 1.6360, 6.6500),(0.000, 270.000, 0.000)
35388473300,34.883320,(-1.7560, 1.6360, 6.6500),(0.000, 270.000, 0.000)
35409609500,34.904390,(-1.7560, 1.6360, 6.6500),(0.000, 270.000, 0.000)
35416226700,34.911370,(-1.7560, 1.6360, 6.6500),(0.000, 270.000, 0.000)
35430550700,34.925350,(-1.7560, 1.6360, 6.6500),(0.000, 270.000, 0.000)
35443945600,34.939060,(-1.7560, 1.6360, 6.6500),(0.000, 270.000, 0.000)
35458210000,34.953030,(-1.7560, 1.6360, 6.6500),(0.000, 270.000, 0.000)
35472432000,34.967170,(-1.7560, 1.6360, 6.6500),(0.000, 270.000, 0.000)
35486042400,34.980870,(-1.7560, 1.6360, 6.6500),(0.000, 270.000, 0.000)
35499811200,34.994950,(-1.7560, 1.6360, 6.6500),(0.000, 270.000, 0.000)
35514021200,35.008870,(-1.7560, 1.6360, 6.6500),(0.000, 270.000, 0.000)
35528089900,35.022880,(-1.7560, 1.6360, 6.6500),(0.000, 270.000, 0.000)
35541854100,35.036860,(-1.7560, 1.6360, 6.6500),(0.000, 270.000, 0.000)
35556009300,35.050800,(-1.7560, 1.6360, 6.6500),(0.000, 270.000, 0.000)
35569957500,35.064670,(-1.7560, 1.6360, 6.6500),(0.000, 270.000, 0.000)
35583598100,35.078720,(-1.7560, 1.6360, 6.6500),(0.000, 270.000, 0.000)
35597581700,35.092400,(-1.7560, 1.6360, 6.6500),(0.000, 270.000, 0.000)
35618867600,35.113510,(-1.7560, 1.6360, 6.6500),(0.000, 270.000, 0.000)
35626158000,35.120870,(-1.7560, 1.6360, 6.6500),(0.000, 270.000, 0.000)
35639766500,35.134500,(-1.7560, 1.6360, 6.6500),(0.000, 270.000, 0.000)
35653430100,35.148200,(-1.7560, 1.6360, 6.6500),(0.000, 270.000, 0.000)
35667389700,35.162080,(-1.7560, 1.6360, 6.6500),(0.000, 270.000, 0.000)
35681506500,35.176450,(-1.7560, 1.6360, 6.6500),(0.000, 270.000, 0.000)
35695187200,35.189990,(-1.7560, 1.6360, 6.6500),(0.000, 270.000, 0.000)
35708780900,35.203510,(-1.7560, 1.6360, 6.6500),(0.000, 270.000, 0.000)
35722280800,35.217350,(-1.7560, 1.6360, 6.6500),(0.000, 270.000, 0.000)
35736771600,35.231540,(-1.7560, 1.6360, 6.6500),(0.000, 270.000, 0.000)
35750640100,35.245450,(-1.7560, 1.6360, 6.6500),(0.000, 270.000, 0.000)
35764285300,35.259330,(-1.7560, 1.6360, 6.6500),(0.000, 270.000, 0.000)
35778397300,35.273230,(-1.7560, 1.6360, 6.6500),(0.000, 270.000, 0.000)
35792362500,35.287150,(-1.7560, 1.6360, 6.6500),(0.000, 270.000, 0.000)
35806417600,35.301190,(-1.7560, 1.6360, 6.6500),(0.000, 270.000, 0.000)
35827689700,35.322400,(-1.7560, 1.6360, 6.6500),(0.000, 270.000, 0.000)
35833980800,35.329100,(-1.7560, 1.6360, 6.6500),(0.000, 270.000, 0.000)
35848588400,35.343300,(-1.7560, 1.6360, 6.6500),(0.000, 270.000, 0.000)
35861806000,35.356860,(-1.7560, 1.6360, 6.6500),(0.000, 270.000, 0.000)
35876353900,35.371090,(-1.7560, 1.6360, 6.6500),(0.000, 270.000, 0.000)
35889920100,35.384700,(-1.7560, 1.6360, 6.6500),(0.000, 270.000, 0.000)
35903588800,35.398720,(-1.7560, 1.6360, 6.6500),(0.000, 270.000, 0.000)
35917696100,35.412490,(-1.7560, 1.6360, 6.6500),(0.000, 270.000, 0.000)
35931631100,35.426380,(-1.7560, 1.6360, 6.6500),(0.000, 270.000, 0.000)
35945713900,35.440520,(-1.7560, 1.6360, 6.6500),(0.000, 270.000, 0.000)
35959150300,35.454290,(-1.7560, 1.6360, 6.6500),(0.000, 270.000, 0.000)
35973275100,35.468120,(-1.7560, 1.6360, 6.6500),(0.000, 270.000, 0.000)
35987408900,35.482230,(-1.7560, 1.6360, 6.6500),(0.000, 270.000, 0.000)
36001034900,35.496090,(-1.7560, 1.6360, 6.6500),(0.000, 270.000, 0.000)
36015235700,35.510050,(-1.7560, 1.6360, 6.6500),(0.000, 270.000, 0.000)
36036517300,35.531220,(-1.7560, 1.6360, 6.6500),(0.000, 270.000, 0.000)
36042779300,35.537890,(-1.7560, 1.6360, 6.6500),(0.000, 270.000, 0.000)
36056692900,35.551590,(-1.7560, 1.6360, 6.6500),(0.000, 270.000, 0.000)
36071106400,35.565930,(-1.7560, 1.6360, 6.6500),(0.000, 270.000, 0.000)
36084536400,35.579640,(-1.7560, 1.6360, 6.6500),(0.000, 270.000, 0.000)
36098716900,35.593560,(-1.7560, 1.6360, 6.6500),(0.000, 270.000, 0.000)
36112675500,35.607470,(-1.7560, 1.6360, 6.6500),(0.000, 270.000, 0.000)
36126533200,35.621330,(-1.7560, 1.6360, 6.6500),(0.000, 270.000, 0.000)
36140388000,35.635400,(-1.7560, 1.6360, 6.6500),(0.000, 270.000, 0.000)
36154572100,35.649400,(-1.7560, 1.6360, 6.6500),(0.000, 270.000, 0.000)
36168440400,35.663300,(-1.7560, 1.6360, 6.6500),(0.000, 270.000, 0.000)
36182121200,35.677230,(-1.7560, 1.6360, 6.6500),(0.000, 270.000, 0.000)
36196253500,35.691090,(-1.7560, 1.6360, 6.6500),(0.000, 270.000, 0.000)
36210924400,35.705580,(-1.7560, 1.6360, 6.6500),(0.000, 270.000, 0.000)
36224483500,35.719440,(-1.7560, 1.6360, 6.6500),(0.000, 270.000, 0.000)
36246268300,35.740680,(-1.7560, 1.6360, 6.6500),(0.000, 270.000, 0.000)
36254090400,35.748930,(-1.7560, 1.6360, 6.6500),(0.000, 270.000, 0.000)
36265929100,35.760670,(-1.7560, 1.6360, 6.6500),(0.000, 270.000, 0.000)
36279769700,35.774750,(-1.7560, 1.6360, 6.6500),(0.000, 270.000, 0.000)
36293895500,35.788570,(-1.7560, 1.6360, 6.6500),(0.000, 270.000, 0.000)
36307707200,35.802450,(-1.7560, 1.6360, 6.6500),(0.000, 270.000, 0.000)
36321291700,35.816230,(-1.7560, 1.6360, 6.6500),(0.000, 270.000, 0.000)
36335181500,35.829940,(-1.7560, 1.6360, 6.6500),(0.000, 270.000, 0.000)
36349170400,35.843950,(-1.7560, 1.6360, 6.6500),(0.000, 270.000, 0.000)
36362928100,35.857990,(-1.7560, 1.6360, 6.6500),(0.000, 270.000, 0.000)
36376879700,35.871720,(-1.7560, 1.6360, 6.6500),(0.000, 270.000, 0.000)
36391073900,35.885830,(-1.7560, 1.6360, 6.6500),(0.000, 270.000, 0.000)
36404754900,35.899810,(-1.7560, 1.6360, 6.6500),(0.000, 270.000, 0.000)
36418806100,35.913570,(-1.7560, 1.6360, 6.6500),(0.000, 270.000, 0.000)
36433146500,35.927900,(-1.7560, 1.6360, 6.6500),(0.000, 270.000, 0.000)
36454140100,35.948840,(-1.7560, 1.6360, 6.6500),(0.000, 270.000, 0.000)
36461172500,35.956180,(-1.7560, 1.6360, 6.6500),(0.000, 270.000, 0.000)
36474539300,35.969280,(-1.7560, 1.6360, 6.6500),(0.000, 270.000, 0.000)
36488604900,35.983370,(-1.7560, 1.6360, 6.6500),(0.000, 270.000, 0.000)
36502298500,35.997260,(-1.7560, 1.6360, 6.6500),(0.000, 270.000, 0.000)
36516524700,36.011250,(-1.7560, 1.6360, 6.6500),(0.000, 270.000, 0.000)
36530007200,36.024890,(-1.7560, 1.6360, 6.6500),(0.000, 270.000, 0.000)
36544211300,36.039140,(-1.7560, 1.6360, 6.6500),(0.000, 270.000, 0.000)
36558444800,36.053180,(-1.7560, 1.6360, 6.6500),(0.000, 270.000, 0.000)
36572183100,36.066930,(-1.7560, 1.6360, 6.6500),(0.000, 270.000, 0.000)
36586183300,36.080880,(-1.7560, 1.6360, 6.6500),(0.000, 270.000, 0.000)
36599714800,36.094550,(-1.7560, 1.6360, 6.6500),(0.000, 270.000, 0.000)
36613742900,36.108540,(-1.7560, 1.6360, 6.6500),(0.000, 270.000, 0.000)
36627564700,36.122370,(-1.7560, 1.6360, 6.6500),(0.000, 270.000, 0.000)
36641189300,36.136250,(-1.7560, 1.6360, 6.6500),(0.000, 270.000, 0.000)
36662693300,36.157390,(-1.7560, 1.6360, 6.6500),(0.000, 270.000, 0.000)
36669655100,36.164460,(-1.7560, 1.6360, 6.6500),(0.000, 270.000, 0.000)
36683257200,36.178320,(-1.7560, 1.6360, 6.6500),(0.000, 270.000, 0.000)
36697074000,36.191910,(-1.7560, 1.6360, 6.6500),(0.000, 270.000, 0.000)
36711237700,36.206060,(-1.7560, 1.6360, 6.6500),(0.000, 270.000, 0.000)
36724890800,36.219960,(-1.7560, 1.6360, 6.6500),(0.000, 270.000, 0.000)
36738948300,36.233820,(-1.7560, 1.6360, 6.6500),(0.000, 270.000, 0.000)
36753007600,36.247760,(-1.7560, 1.6360, 6.6500),(0.000, 270.000, 0.000)
36767147300,36.261910,(-1.7560, 1.6360, 6.6500),(0.000, 270.000, 0.000)
36780679900,36.275760,(-1.7560, 1.6360, 6.6500),(0.000, 270.000, 0.000)
36794916100,36.289740,(-1.7560, 1.6360, 6.6500),(0.000, 270.000, 0.000)
36809134300,36.303860,(-1.7560, 1.6360, 6.6500),(0.000, 270.000, 0.000)
36822649600,36.317650,(-1.7560, 1.6360, 6.6500),(0.000, 270.000, 0.000)
36836884400,36.331680,(-1.7560, 1.6360, 6.6500),(0.000, 270.000, 0.000)
36850973500,36.345660,(-1.7560, 1.6360, 6.6500),(0.000, 270.000, 0.000)
36871941300,36.366790,(-1.7560, 1.6360, 6.6500),(0.000, 270.000, 0.000)
36878837500,36.373940,(-1.7560, 1.6360, 6.6500),(0.000, 270.000, 0.000)
36892513100,36.387290,(-1.7560, 1.6360, 6.6500),(0.000, 270.000, 0.000)
36906445900,36.401210,(-1.7560, 1.6360, 6.6500),(0.000, 270.000, 0.000)
36919984100,36.415070,(-1.7560, 1.6360, 6.6500),(0.000, 270.000, 0.000)
36934205700,36.429010,(-1.7560, 1.6360, 6.6500),(0.000, 270.000, 0.000)
36948180100,36.442970,(-1.7560, 1.6360, 6.6500),(0.000, 270.000, 0.000)
36961991600,36.456950,(-1.7560, 1.6360, 6.6500),(0.000, 270.000, 0.000)
36976251100,36.471020,(-1.7560, 1.6360, 6.6500),(0.000, 270.000, 0.000)
36990213300,36.484960,(-1.7560, 1.6360, 6.6500),(0.000, 270.000, 0.000)
37003729500,36.498740,(-1.7560, 1.6360, 6.6500),(0.000, 270.000, 0.000)
37018197300,36.512840,(-1.7560, 1.6360, 6.6500),(0.000, 270.000, 0.000)
37031900500,36.526690,(-1.7560, 1.6360, 6.6500),(0.000, 270.000, 0.000)
37045982500,36.540660,(-1.7560, 1.6360, 6.6500),(0.000, 270.000, 0.000)
37059368700,36.554470,(-1.7560, 1.6360, 6.6500),(0.000, 270.000, 0.000)
37080960900,36.575650,(-1.7560, 1.6360, 6.6500),(0.000, 270.000, 0.000)
37088550300,36.583380,(-1.7560, 1.6360, 6.6500),(0.000, 270.000, 0.000)
37100944800,36.596020,(-1.7560, 1.6360, 6.6500),(0.000, 270.000, 0.000)
37115570500,36.610350,(-1.7560, 1.6360, 6.6500),(0.000, 270.000, 0.000)
37129455100,36.624170,(-1.7560, 1.6360, 6.6500),(0.000, 270.000, 0.000)
37142953600,36.638000,(-1.7560, 1.6360, 6.6500),(0.000, 270.000, 0.000)
37156956900,36.651770,(-1.7560, 1.6360, 6.6500),(0.000, 270.000, 0.000)
37171054000,36.665820,(-1.7560, 1.6360, 6.6500),(0.000, 270.000, 0.000)
37185249700,36.680010,(-1.7560, 1.6360, 6.6500),(0.000, 270.000, 0.000)
37198688400,36.693720,(-1.7560, 1.6360, 6.6500),(0.000, 270.000, 0.000)
37213381300,36.708010,(-1.7560, 1.6360, 6.6500),(0.000, 270.000, 0.000)
37227360900,36.721900,(-1.7560, 1.6360, 6.6500),(0.000, 270.000, 0.000)
37241069700,36.735900,(-1.7560, 1.6360, 6.6500),(0.000, 270.000, 0.000)
37255048100,36.749660,(-1.7560, 1.6360, 6.6500),(0.000, 270.000, 0.000)
37269215700,36.763770,(-1.7560, 1.6360, 6.6500),(0.000, 270.000, 0.000)
37291244900,36.785870,(-1.7560, 1.6360, 6.6500),(0.000, 270.000, 0.000)
37310554100,36.805260,(-1.7560, 1.6360, 6.6500),(0.000, 270.000, 0.000)
37323666700,36.818690,(-1.7560, 1.6360, 6.6500),(0.000, 270.000, 0.000)
37337418900,36.832230,(-1.7560, 1.6360, 6.6500),(0.000, 270.000, 0.000)
37351815900,36.846520,(-1.7560, 1.6360, 6.6500),(0.000, 270.000, 0.000)
37365594300,36.860380,(-1.7560, 1.6360, 6.6500),(0.000, 270.000, 0.000)
37379107900,36.874180,(-1.7560, 1.6360, 6.6500),(0.000, 270.000, 0.000)
37393425300,36.888150,(-1.7560, 1.6360, 6.6500),(0.000, 270.000, 0.000)
37407383500,36.902100,(-1.7560, 1.6360, 6.6500),(0.000, 270.000, 0.000)
37421090000,36.916110,(-1.7560, 1.6360, 6.6500),(0.000, 270.000, 0.000)
37435367500,36.930090,(-1.7560, 1.6360, 6.6500),(0.000, 270.000, 0.000)
37449353600,36.944060,(-1.7560, 1.6360, 6.6500),(0.000, 270.000, 0.000)
37462857600,36.957910,(-1.7560, 1.6360, 6.6500),(0.000, 270.000, 0.000)
37476967300,36.971690,(-1.7560, 1.6360, 6.6500),(0.000, 270.000, 0.000)
37498025700,36.992790,(-1.7560, 1.6360, 6.6500),(0.000, 270.000, 0.000)
37506354700,37.000990,(-1.7560, 1.6360, 6.6500),(0.000, 270.000, 0.000)
37518475300,37.013500,(-1.7560, 1.6360, 6.6500),(0.000, 270.000, 0.000)
37532647900,37.027410,(-1.7560, 1.6360, 6.6500),(0.000, 270.000, 0.000)
37546464800,37.041220,(-1.7560, 1.6360, 6.6500),(0.000, 270.000, 0.000)
37560068900,37.055110,(-1.7560, 1.6360, 6.6500),(0.000, 270.000, 0.000)
37574378100,37.069160,(-1.7560, 1.6360, 6.6500),(0.000, 270.000, 0.000)
37588490700,37.083180,(-1.7560, 1.6360, 6.6500),(0.000, 270.000, 0.000)
37602172300,37.097210,(-1.7560, 1.6360, 6.6500),(0.000, 270.000, 0.000)
37616421900,37.111130,(-1.7560, 1.6360, 6.6500),(0.000, 270.000, 0.000)
37630289200,37.125030,(-1.7560, 1.6360, 6.6500),(0.000, 270.000, 0.000)
37644009100,37.139020,(-1.7560, 1.6360, 6.6500),(0.000, 270.000, 0.000)
37657937500,37.152730,(-1.7560, 1.6360, 6.6500),(0.000, 270.000, 0.000)
37671845100,37.166630,(-1.7560, 1.6360, 6.6500),(0.000, 270.000, 0.000)
37686173200,37.180890,(-1.7560, 1.6360, 6.6500),(0.000, 270.000, 0.000)
37707232500,37.201940,(-1.7560, 1.6360, 6.6500),(0.000, 270.000, 0.000)
37714642700,37.209750,(-1.7560, 1.6360, 6.6500),(0.000, 270.000, 0.000)
37727379300,37.222120,(-1.7560, 1.6360, 6.6500),(0.000, 270.000, 0.000)
37741190100,37.236210,(-1.7560, 1.6360, 6.6500),(0.000, 270.000, 0.000)
37755489600,37.250240,(-1.7560, 1.6360, 6.6500),(0.000, 270.000, 0.000)
37769295100,37.264070,(-1.7560, 1.6360, 6.6500),(0.000, 270.000, 0.000)
37783153500,37.278180,(-1.7560, 1.6360, 6.6500),(0.000, 270.000, 0.000)
37797138500,37.291880,(-1.7560, 1.6360, 6.6500),(0.000, 270.000, 0.000)
37811328100,37.305950,(-1.7560, 1.6360, 6.6500),(0.000, 270.000, 0.000)
37824814100,37.319820,(-1.7560, 1.6360, 6.6500),(0.000, 270.000, 0.000)
37838824000,37.333650,(-1.7560, 1.6360, 6.6500),(0.000, 270.000, 0.000)
37852883300,37.347700,(-1.7560, 1.6360, 6.6500),(0.000, 270.000, 0.000)
37866809100,37.361580,(-1.7560, 1.6360, 6.6500),(0.000, 270.000, 0.000)
37880538400,37.375520,(-1.7560, 1.6360, 6.6500),(0.000, 270.000, 0.000)
37894802500,37.389540,(-1.7560, 1.6360, 6.6500),(0.000, 270.000, 0.000)
37915738100,37.410490,(-1.7560, 1.6360, 6.6500),(0.000, 270.000, 0.000)
37923660500,37.418650,(-1.7560, 1.6360, 6.6500),(0.000, 270.000, 0.000)
37936358400,37.431130,(-1.7560, 1.6360, 6.6500),(0.000, 270.000, 0.000)
37950436000,37.445140,(-1.7560, 1.6360, 6.6500),(0.000, 270.000, 0.000)
37964064500,37.459080,(-1.7560, 1.6360, 6.6500),(0.000, 270.000, 0.000)
37978144000,37.472900,(-1.7560, 1.6360, 6.6500),(0.000, 270.000, 0.000)
37992095600,37.486740,(-1.7560, 1.6360, 6.6500),(0.000, 270.000, 0.000)
38006192100,37.500970,(-1.7560, 1.6360, 6.6500),(0.000, 270.000, 0.000)
38020154400,37.515150,(-1.7560, 1.6360, 6.6500),(0.000, 270.000, 0.000)
38033859300,37.528590,(-1.7560, 1.6360, 6.6500),(0.000, 270.000, 0.000)
38047909500,37.542610,(-1.7560, 1.6360, 6.6500),(0.000, 270.000, 0.000)
38061568100,37.556590,(-1.7560, 1.6360, 6.6500),(0.000, 270.000, 0.000)
38075367300,37.570190,(-1.7560, 1.6360, 6.6500),(0.000, 270.000, 0.000)
38089849700,37.584640,(-1.7560, 1.6360, 6.6500),(0.000, 270.000, 0.000)
38103350400,37.598370,(-1.7560, 1.6360, 6.6500),(0.000, 270.000, 0.000)
38124702800,37.619390,(-1.7560, 1.6360, 6.6500),(0.000, 270.000, 0.000)
38133041500,37.627730,(-1.7560, 1.6360, 6.6500),(0.000, 270.000, 0.000)
38145237700,37.640010,(-1.7560, 1.6360, 6.6500),(0.000, 270.000, 0.000)
38158575200,37.653640,(-1.7560, 1.6360, 6.6500),(0.000, 270.000, 0.000)
38173170700,37.667950,(-1.7560, 1.6360, 6.6500),(0.000, 270.000, 0.000)
38187082100,37.681860,(-1.7560, 1.6360, 6.6500),(0.000, 270.000, 0.000)
38200830000,37.695830,(-1.7560, 1.6360, 6.6500),(0.000, 270.000, 0.000)
38215034500,37.709830,(-1.7560, 1.6360, 6.6500),(0.000, 270.000, 0.000)
38229079700,37.723790,(-1.7560, 1.6360, 6.6500),(0.000, 270.000, 0.000)
38242474100,37.737500,(-1.7560, 1.6360, 6.6500),(0.000, 270.000, 0.000)
38256684000,37.751480,(-1.7560, 1.6360, 6.6500),(0.000, 270.000, 0.000)
38270669300,37.765460,(-1.7560, 1.6360, 6.6500),(0.000, 270.000, 0.000)
38284413900,37.779460,(-1.7560, 1.6360, 6.6500),(0.000, 270.000, 0.000)
38298631900,37.793170,(-1.7560, 1.6360, 6.6500),(0.000, 270.000, 0.000)
38312412900,37.807220,(-1.7560, 1.6360, 6.6500),(0.000, 270.000, 0.000)
38333578800,37.828370,(-1.7560, 1.6360, 6.6500),(0.000, 270.000, 0.000)
38341351300,37.836340,(-1.7560, 1.6360, 6.6500),(0.000, 270.000, 0.000)
38354098800,37.848920,(-1.7560, 1.6360, 6.6500),(0.000, 270.000, 0.000)
38368306900,37.862970,(-1.7560, 1.6360, 6.6500),(0.000, 270.000, 0.000)
38381593500,37.876660,(-1.7560, 1.6360, 6.6500),(0.000, 270.000, 0.000)
38395945900,37.890730,(-1.7560, 1.6360, 6.6500),(0.000, 270.000, 0.000)
38410123300,37.904870,(-1.7560, 1.6360, 6.6500),(0.000, 270.000, 0.000)
38423858300,37.918840,(-1.7560, 1.6360, 6.6500),(0.000, 270.000, 0.000)
38437891700,37.932660,(-1.7560, 1.6360, 6.6500),(0.000, 270.000, 0.000)
38451715200,37.946440,(-1.7560, 1.6360, 6.6500),(0.000, 270.000, 0.000)
38465772400,37.960490,(-1.7560, 1.6360, 6.6500),(0.000, 270.000, 0.000)
38479226100,37.974290,(-1.7560, 1.6360, 6.6500),(0.000, 270.000, 0.000)
38493393700,37.988180,(-1.7560, 1.6360, 6.6500),(0.000, 270.000, 0.000)
38507584500,38.002300,(-1.7560, 1.6360, 6.6500),(0.000, 270.000, 0.000)
38520960000,38.015960,(-1.7560, 1.6360, 6.6500),(0.000, 270.000, 0.000)
38542567300,38.037290,(-1.7560, 1.6360, 6.6500),(0.000, 270.000, 0.000)
38550555700,38.045330,(-1.7560, 1.6360, 6.6500),(0.000, 270.000, 0.000)
38562666800,38.057690,(-1.7560, 1.6360, 6.6500),(0.000, 270.000, 0.000)
38577030400,38.071730,(-1.7560, 1.6360, 6.6500),(0.000, 270.000, 0.000)
38590756300,38.085580,(-1.7560, 1.6360, 6.6500),(0.000, 270.000, 0.000)
38604722400,38.099770,(-1.7560, 1.6360, 6.6500),(0.000, 270.000, 0.000)
38618651200,38.113430,(-1.7560, 1.6360, 6.6500),(0.000, 270.000, 0.000)
38632740500,38.127490,(-1.7560, 1.6360, 6.6500),(0.000, 270.000, 0.000)
38646734400,38.141500,(-1.7560, 1.6360, 6.6500),(0.000, 270.000, 0.000)
38660201300,38.155260,(-1.7560, 1.6360, 6.6500),(0.000, 270.000, 0.000)
38674482100,38.169270,(-1.7560, 1.6360, 6.6500),(0.000, 270.000, 0.000)
38688554500,38.183320,(-1.7560, 1.6360, 6.6500),(0.000, 270.000, 0.000)
38702198900,38.197190,(-1.7560, 1.6360, 6.6500),(0.000, 270.000, 0.000)
38716298900,38.211130,(-1.7560, 1.6360, 6.6500),(0.000, 270.000, 0.000)
38730492400,38.225220,(-1.7560, 1.6360, 6.6500),(0.000, 270.000, 0.000)
38751392100,38.246090,(-1.7560, 1.6360, 6.6500),(0.000, 270.000, 0.000)
38758785700,38.253850,(-1.7560, 1.6360, 6.6500),(0.000, 270.000, 0.000)
38771667100,38.266470,(-1.7560, 1.6360, 6.6500),(0.000, 270.000, 0.000)
38785830700,38.280610,(-1.7560, 1.6360, 6.6500),(0.000, 270.000, 0.000)
38799542700,38.294590,(-1.7560, 1.6360, 6.6500),(0.000, 270.000, 0.000)
38813710800,38.308530,(-1.7560, 1.6360, 6.6500),(0.000, 270.000, 0.000)
38827584400,38.322300,(-1.7560, 1.6360, 6.6500),(0.000, 270.000, 0.000)
38841292400,38.336300,(-1.7560, 1.6360, 6.6500),(0.000, 270.000, 0.000)
38855409600,38.350240,(-1.7560, 1.6360, 6.6500),(0.000, 270.000, 0.000)
38869235300,38.364060,(-1.7560, 1.6360, 6.6500),(0.000, 270.000, 0.000)
38883059700,38.378130,(-1.7560, 1.6360, 6.6500),(0.000, 270.000, 0.000)
38897281100,38.392070,(-1.7560, 1.6360, 6.6500),(0.000, 270.000, 0.000)
38911782400,38.406510,(-1.7560, 1.6360, 6.6500),(0.000, 270.000, 0.000)
38925334000,38.420040,(-1.7560, 1.6360, 6.6500),(0.000, 270.000, 0.000)
38939374700,38.434360,(-1.7560, 1.6360, 6.6500),(0.000, 270.000, 0.000)
38960325700,38.455060,(-1.7560, 1.6360, 6.6500),(0.000, 270.000, 0.000)
38968522800,38.463130,(-1.7560, 1.6360, 6.6500),(0.000, 270.000, 0.000)
38980118700,38.475080,(-1.7560, 1.6360, 6.6500),(0.000, 270.000, 0.000)
38995148100,38.489640,(-1.7560, 1.6360, 6.6500),(0.000, 270.000, 0.000)
39008258100,38.502960,(-1.7560, 1.6360, 6.6500),(0.000, 270.000, 0.000)
39022364800,38.517330,(-1.7560, 1.6360, 6.6500),(0.000, 270.000, 0.000)
39036459700,38.531240,(-1.7560, 1.6360, 6.6500),(0.000, 270.000, 0.000)
39050255200,38.545030,(-1.7560, 1.6360, 6.6500),(0.000, 270.000, 0.000)
39064431700,38.559440,(-1.7560, 1.6360, 6.6500),(0.000, 270.000, 0.000)
39078509100,38.573200,(-1.7560, 1.6360, 6.6500),(0.000, 270.000, 0.000)
39092114000,38.586860,(-1.7560, 1.6360, 6.6500),(0.000, 270.000, 0.000)
39106215200,38.600920,(-1.7560, 1.6360, 6.6500),(0.000, 270.000, 0.000)
39119661200,38.614720,(-1.7560, 1.6360, 6.6500),(0.000, 270.000, 0.000)
39133833500,38.628640,(-1.7560, 1.6360, 6.6500),(0.000, 270.000, 0.000)
39148126500,38.642810,(-1.7560, 1.6360, 6.6500),(0.000, 270.000, 0.000)
39169220800,38.663970,(-1.7560, 1.6360, 6.6500),(0.000, 270.000, 0.000)
39176787500,38.671870,(-1.7560, 1.6360, 6.6500),(0.000, 270.000, 0.000)
39189402500,38.684190,(-1.7560, 1.6360, 6.6500),(0.000, 270.000, 0.000)
39202995100,38.698030,(-1.7560, 1.6360, 6.6500),(0.000, 270.000, 0.000)
39217130500,38.711850,(-1.7560, 1.6360, 6.6500),(0.000, 270.000, 0.000)
39231290000,38.726020,(-1.7560, 1.6360, 6.6500),(0.000, 270.000, 0.000)
39245202400,38.740010,(-1.7560, 1.6360, 6.6500),(0.000, 270.000, 0.000)
39258726500,38.753770,(-1.7560, 1.6360, 6.6500),(0.000, 270.000, 0.000)
39273206100,38.767970,(-1.7560, 1.6360, 6.6500),(0.000, 270.000, 0.000)
39287036900,38.781810,(-1.7560, 1.6360, 6.6500),(0.000, 270.000, 0.000)
39300801700,38.795800,(-1.7560, 1.6360, 6.6500),(0.000, 270.000, 0.000)
39315186000,38.809940,(-1.7560, 1.6360, 6.6500),(0.000, 270.000, 0.000)
39328866800,38.823600,(-1.7560, 1.6360, 6.6500),(0.000, 270.000, 0.000)
39342567300,38.837570,(-1.7560, 1.6360, 6.6500),(0.000, 270.000, 0.000)
39356494100,38.851310,(-1.7560, 1.6360, 6.6500),(0.000, 270.000, 0.000)
39377720700,38.872470,(-1.7560, 1.6360, 6.6500),(0.000, 270.000, 0.000)
39385856500,38.880580,(-1.7560, 1.6360, 6.6500),(0.000, 270.000, 0.000)
39398011300,38.893080,(-1.7560, 1.6360, 6.6500),(0.000, 270.000, 0.000)
39412131900,38.906940,(-1.7560, 1.6360, 6.6500),(0.000, 270.000, 0.000)
39426291700,38.921020,(-1.7560, 1.6360, 6.6500),(0.000, 270.000, 0.000)
39439883700,38.934930,(-1.7560, 1.6360, 6.6500),(0.000, 270.000, 0.000)
39454258100,38.949000,(-1.7560, 1.6360, 6.6500),(0.000, 270.000, 0.000)
39468020000,38.962850,(-1.7560, 1.6360, 6.6500),(0.000, 270.000, 0.000)
39481677300,38.976690,(-1.7560, 1.6360, 6.6500),(0.000, 270.000, 0.000)
39495892500,38.990690,(-1.7560, 1.6360, 6.6500),(0.000, 270.000, 0.000)
39509771200,39.004560,(-1.7560, 1.6360, 6.6500),(0.000, 270.000, 0.000)
39523606100,39.018660,(-1.7560, 1.6360, 6.6500),(0.000, 270.000, 0.000)
39537450900,39.032280,(-1.7560, 1.6360, 6.6500),(0.000, 270.000, 0.000)
39551388700,39.046160,(-1.7560, 1.6360, 6.6500),(0.000, 270.000, 0.000)
39565501600,39.060290,(-1.7560, 1.6360, 6.6500),(0.000, 270.000, 0.000)
39586829300,39.081530,(-1.7560, 1.6360, 6.6500),(0.000, 270.000, 0.000)
39594490700,39.089560,(-1.7560, 1.6360, 6.6500),(0.000, 270.000, 0.000)
39607252000,39.102000,(-1.7560, 1.6360, 6.6500),(0.000, 270.000, 0.000)
39621254100,39.116260,(-1.7560, 1.6360, 6.6500),(0.000, 270.000, 0.000)
39634816500,39.129590,(-1.7560, 1.6360, 6.6500),(0.000, 270.000, 0.000)
39648897300,39.143670,(-1.7560, 1.6360, 6.6500),(0.000, 270.000, 0.000)
39662590300,39.157640,(-1.7560, 1.6360, 6.6500),(0.000, 270.000, 0.000)
39676737900,39.171530,(-1.7560, 1.6360, 6.6500),(0.000, 270.000, 0.000)
39690847700,39.185620,(-1.7560, 1.6360, 6.6500),(0.000, 270.000, 0.000)
39704309700,39.199380,(-1.7560, 1.6360, 6.6500),(0.000, 270.000, 0.000)
39718693300,39.213430,(-1.7560, 1.6360, 6.6500),(0.000, 270.000, 0.000)
39732379600,39.227200,(-1.7560, 1.6360, 6.6500),(0.000, 270.000, 0.000)
39746406500,39.241200,(-1.7560, 1.6360, 6.6500),(0.000, 270.000, 0.000)
39759809100,39.254970,(-1.7560, 1.6360, 6.6500),(0.000, 270.000, 0.000)
39774106500,39.268940,(-1.7560, 1.6360, 6.6500),(0.000, 270.000, 0.000)
39795688800,39.290420,(-1.7560, 1.6360, 6.6500),(0.000, 270.000, 0.000)
39803357100,39.298370,(-1.7560, 1.6360, 6.6500),(0.000, 270.000, 0.000)
39815855200,39.310660,(-1.7560, 1.6360, 6.6500),(0.000, 270.000, 0.000)
39829739500,39.324520,(-1.7560, 1.6360, 6.6500),(0.000, 270.000, 0.000)
39843388700,39.338460,(-1.7560, 1.6360, 6.6500),(0.000, 270.000, 0.000)
39857507900,39.352310,(-1.7560, 1.6360, 6.6500),(0.000, 270.000, 0.000)
39871610100,39.366360,(-1.7560, 1.6360, 6.6500),(0.000, 270.000, 0.000)
39885606100,39.380390,(-1.7560, 1.6360, 6.6500),(0.000, 270.000, 0.000)
39899110500,39.394190,(-1.7560, 1.6360, 6.6500),(0.000, 270.000, 0.000)
39913216100,39.408070,(-1.7560, 1.6360, 6.6500),(0.000, 270.000, 0.000)
39927479200,39.422240,(-1.7560, 1.6360, 6.6500),(0.000, 270.000, 0.000)
39941094400,39.436120,(-1.7560, 1.6360, 6.6500),(0.000, 270.000, 0.000)
39955306100,39.450050,(-1.7560, 1.6360, 6.6500),(0.000, 270.000, 0.000)
39969284800,39.464090,(-1.7560, 1.6360, 6.6500),(0.000, 270.000, 0.000)
39982682500,39.477720,(-1.7560, 1.6360, 6.6500),(0.000, 270.000, 0.000)
40004334300,39.499100,(-1.7560, 1.6360, 6.6500),(0.000, 270.000, 0.000)
40011830500,39.506650,(-1.7560, 1.6360, 6.6500),(0.000, 270.000, 0.000)
40024936800,39.519980,(-1.7560, 1.6360, 6.6500),(0.000, 270.000, 0.000)
40038826100,39.533580,(-1.7560, 1.6360, 6.6500),(0.000, 270.000, 0.000)
40052663300,39.547460,(-1.7560, 1.6360, 6.6500),(0.000, 270.000, 0.000)
40066545700,39.561320,(-1.7560, 1.6360, 6.6500),(0.000, 270.000, 0.000)
40080199500,39.575230,(-1.7560, 1.6360, 6.6500),(0.000, 270.000, 0.000)
40094316900,39.589000,(-1.7560, 1.6360, 6.6500),(0.000, 270.000, 0.000)
40108367300,39.603150,(-1.7560, 1.6360, 6.6500),(0.000, 270.000, 0.000)
40122113600,39.617150,(-1.7560, 1.6360, 6.6500),(0.000, 270.000, 0.000)
40136566500,39.631210,(-1.7560, 1.6360, 6.6500),(0.000, 270.000, 0.000)
40150237300,39.645030,(-1.7560, 1.6360, 6.6500),(0.000, 270.000, 0.000)
40163741300,39.658820,(-1.7560, 1.6360, 6.6500),(0.000, 270.000, 0.000)
40177938700,39.672690,(-1.7560, 1.6360, 6.6500),(0.000, 270.000, 0.000)
40191823900,39.686680,(-1.7560, 1.6360, 6.6500),(0.000, 270.000, 0.000)
40213090100,39.707820,(-1.7560, 1.6360, 6.6500),(0.000, 270.000, 0.000)
40220791900,39.715770,(-1.7560, 1.6360, 6.6500),(0.000, 270.000, 0.000)
40233477300,39.728280,(-1.7560, 1.6360, 6.6500),(0.000, 270.000, 0.000)
40247666100,39.742440,(-1.7560, 1.6360, 6.6500),(0.000, 270.000, 0.000)
40261193300,39.756240,(-1.7560, 1.6360, 6.6500),(0.000, 270.000, 0.000)
40275510100,39.770290,(-1.7560, 1.6360, 6.6500),(0.000, 270.000, 0.000)
40289378900,39.784190,(-1.7560, 1.6360, 6.6500),(0.000, 270.000, 0.000)
40303234500,39.798250,(-1.7560, 1.6360, 6.6500),(0.000, 270.000, 0.000)
40317185200,39.811950,(-1.7560, 1.6360, 6.6500),(0.000, 270.000, 0.000)
40331078100,39.825880,(-1.7560, 1.6360, 6.6500),(0.000, 270.000, 0.000)
40344941900,39.839980,(-1.7560, 1.6360, 6.6500),(0.000, 270.000, 0.000)
40359070300,39.853840,(-1.7560, 1.6360, 6.6500),(0.000, 270.000, 0.000)
40372934500,39.867720,(-1.7560, 1.6360, 6.6500),(0.000, 270.000, 0.000)
40386972000,39.881740,(-1.7560, 1.6360, 6.6500),(0.000, 270.000, 0.000)
40400479600,39.895500,(-1.7560, 1.6360, 6.6500),(0.000, 270.000, 0.000)
40421963600,39.916710,(-1.7560, 1.6360, 6.6500),(0.000, 270.000, 0.000)
40429934900,39.924650,(-1.7560, 1.6360, 6.6500),(0.000, 270.000, 0.000)
40442015300,39.937070,(-1.7560, 1.6360, 6.6500),(0.000, 270.000, 0.000)
40456133100,39.950970,(-1.7560, 1.6360, 6.6500),(0.000, 270.000, 0.000)
40470408400,39.965170,(-1.7560, 1.6360, 6.6500),(0.000, 270.000, 0.000)
40484163500,39.979180,(-1.7560, 1.6360, 6.6500),(0.000, 270.000, 0.000)
40498150800,39.992920,(-1.7560, 1.6360, 6.6500),(0.000, 270.000, 0.000)
40512072900,40.006860,(-1.7560, 1.6360, 6.6500),(0.000, 270.000, 0.000)
40526136700,40.020930,(-1.7560, 1.6360, 6.6500),(0.000, 270.000, 0.000)
40539562300,40.034680,(-1.7560, 1.6360, 6.6500),(0.000, 270.000, 0.000)
40553810300,40.048630,(-1.7560, 1.6360, 6.6500),(0.000, 270.000, 0.000)
40568019600,40.062740,(-1.7560, 1.6360, 6.6500),(0.000, 270.000, 0.000)
40581622900,40.076640,(-1.7560, 1.6360, 6.6500),(0.000, 270.000, 0.000)
40595768800,40.090550,(-1.7560, 1.6360, 6.6500),(0.000, 270.000, 0.000)
40609546900,40.104350,(-1.7560, 1.6360, 6.6500),(0.000, 270.000, 0.000)
40630939700,40.125690,(-1.7560, 1.6360, 6.6500),(0.000, 270.000, 0.000)
40638423200,40.133490,(-1.7560, 1.6360, 6.6500),(0.000, 270.000, 0.000)
40651201300,40.145980,(-1.7560, 1.6360, 6.6500),(0.000, 270.000, 0.000)
40665266400,40.160080,(-1.7560, 1.6360, 6.6500),(0.000, 270.000, 0.000)
40678998900,40.174020,(-1.7560, 1.6360, 6.6500),(0.000, 270.000, 0.000)
40693274500,40.188050,(-1.7560, 1.6360, 6.6500),(0.000, 270.000, 0.000)
40706919300,40.201730,(-1.7560, 1.6360, 6.6500),(0.000, 270.000, 0.000)
40720677600,40.215690,(-1.7560, 1.6360, 6.6500),(0.000, 270.000, 0.000)
40734919300,40.229660,(-1.7560, 1.6360, 6.6500),(0.000, 270.000, 0.000)
40748852500,40.243630,(-1.7560, 1.6360, 6.6500),(0.000, 270.000, 0.000)
40762236100,40.257280,(-1.7560, 1.6360, 6.6500),(0.000, 270.000, 0.000)
40776567700,40.271360,(-1.7560, 1.6360, 6.6500),(0.000, 270.000, 0.000)
40790520400,40.285260,(-1.7560, 1.6360, 6.6500),(0.000, 270.000, 0.000)
40804112400,40.299210,(-1.7560, 1.6360, 6.6500),(0.000, 270.000, 0.000)
40818409900,40.313230,(-1.7560, 1.6360, 6.6500),(0.000, 270.000, 0.000)
40839810500,40.334630,(-1.7560, 1.6360, 6.6500),(0.000, 270.000, 0.000)
40847891900,40.342640,(-1.7560, 1.6360, 6.6500),(0.000, 270.000, 0.000)
40859624300,40.354750,(-1.7560, 1.6360, 6.6500),(0.000, 270.000, 0.000)
40874027100,40.368810,(-1.7560, 1.6360, 6.6500),(0.000, 270.000, 0.000)
40888171700,40.382920,(-1.7560, 1.6360, 6.6500),(0.000, 270.000, 0.000)
40901586400,40.396600,(-1.7560, 1.6360, 6.6500),(0.000, 270.000, 0.000)
40915682500,40.410500,(-1.7560, 1.6360, 6.6500),(0.000, 270.000, 0.000)
40929832100,40.424610,(-1.7560, 1.6360, 6.6500),(0.000, 270.000, 0.000)
40943488700,40.438510,(-1.7560, 1.6360, 6.6500),(0.000, 270.000, 0.000)
40957619500,40.452400,(-1.7560, 1.6360, 6.6500),(0.000, 270.000, 0.000)
40971426000,40.466140,(-1.7560, 1.6360, 6.6500),(0.000, 270.000, 0.000)
40985645100,40.480430,(-1.7560, 1.6360, 6.6500),(0.000, 270.000, 0.000)
40999219500,40.494250,(-1.7560, 1.6360, 6.6500),(0.000, 270.000, 0.000)
41013560100,40.508310,(-1.7560, 1.6360, 6.6500),(0.000, 270.000, 0.000)
41027252100,40.522000,(-1.7560, 1.6360, 6.6500),(0.000, 270.000, 0.000)
41048790700,40.543610,(-1.7560, 1.6360, 6.6500),(0.000, 270.000, 0.000)
41056585200,40.551620,(-1.7560, 1.6360, 6.6500),(0.000, 270.000, 0.000)
41068955600,40.563730,(-1.7560, 1.6360, 6.6500),(0.000, 270.000, 0.000)
41082471200,40.577520,(-1.7560, 1.6360, 6.6500),(0.000, 270.000, 0.000)
41096710700,40.591500,(-1.7560, 1.6360, 6.6500),(0.000, 270.000, 0.000)
41110654500,40.605440,(-1.7560, 1.6360, 6.6500),(0.000, 270.000, 0.000)
41124385300,40.619400,(-1.7560, 1.6360, 6.6500),(0.000, 270.000, 0.000)
41138294400,40.633120,(-1.7560, 1.6360, 6.6500),(0.000, 270.000, 0.000)
41152469600,40.647240,(-1.7560, 1.6360, 6.6500),(0.000, 270.000, 0.000)
41166493700,40.661300,(-1.7560, 1.6360, 6.6500),(0.000, 270.000, 0.000)
41180222500,40.675210,(-1.7560, 1.6360, 6.6500),(0.000, 270.000, 0.000)
41194200500,40.688980,(-1.7560, 1.6360, 6.6500),(0.000, 270.000, 0.000)
41208450700,40.703190,(-1.7560, 1.6360, 6.6500),(0.000, 270.000, 0.000)
41222103300,40.717150,(-1.7560, 1.6360, 6.6500),(0.000, 270.000, 0.000)
41235984700,40.730780,(-1.7560, 1.6360, 6.6500),(0.000, 270.000, 0.000)
41257473700,40.752240,(-1.7560, 1.6360, 6.6500),(0.000, 270.000, 0.000)
41265642000,40.760290,(-1.7560, 1.6360, 6.6500),(0.000, 270.000, 0.000)
41277380900,40.772430,(-1.7560, 1.6360, 6.6500),(0.000, 270.000, 0.000)
41291591700,40.786370,(-1.7560, 1.6360, 6.6500),(0.000, 270.000, 0.000)
41305506100,40.800370,(-1.7560, 1.6360, 6.6500),(0.000, 270.000, 0.000)
41319229100,40.814360,(-1.7560, 1.6360, 6.6500),(0.000, 270.000, 0.000)
41333420800,40.828260,(-1.7560, 1.6360, 6.6500),(0.000, 270.000, 0.000)
41347492900,40.842240,(-1.7560, 1.6360, 6.6500),(0.000, 270.000, 0.000)
41361347300,40.856380,(-1.7560, 1.6360, 6.6500),(0.000, 270.000, 0.000)
41375267100,40.870080,(-1.7560, 1.6360, 6.6500),(0.000, 270.000, 0.000)
41389453600,40.884230,(-1.7560, 1.6360, 6.6500),(0.000, 270.000, 0.000)
41402945300,40.898010,(-1.7560, 1.6360, 6.6500),(0.000, 270.000, 0.000)
41417090300,40.911870,(-1.7560, 1.6360, 6.6500),(0.000, 270.000, 0.000)
41431010500,40.925800,(-1.7560, 1.6360, 6.6500),(0.000, 270.000, 0.000)
41444725700,40.939740,(-1.7560, 1.6360, 6.6500),(0.000, 270.000, 0.000)
41466538500,40.961130,(-1.7560, 1.6360, 6.6500),(0.000, 270.000, 0.000)
41474064000,40.969110,(-1.7560, 1.6360, 6.6500),(0.000, 270.000, 0.000)
41486613300,40.981410,(-1.7560, 1.6360, 6.6500),(0.000, 270.000, 0.000)
41500387500,40.995360,(-1.7560, 1.6360, 6.6500),(0.000, 270.000, 0.000)
41514329700,41.009110,(-1.7560, 1.6360, 6.6500),(0.000, 270.000, 0.000)
41528271600,41.023060,(-1.7560, 1.6360, 6.6500),(0.000, 270.000, 0.000)
41541864500,41.036940,(-1.7560, 1.6360, 6.6500),(0.000, 270.000, 0.000)
41556303600,41.051060,(-1.7560, 1.6360, 6.6500),(0.000, 270.000, 0.000)
41570403200,41.065150,(-1.7560, 1.6360, 6.6500),(0.000, 270.000, 0.000)
41584028800,41.079080,(-1.7560, 1.6360, 6.6500),(0.000, 270.000, 0.000)
41597970300,41.092750,(-1.7560, 1.6360, 6.6500),(0.000, 270.000, 0.000)
41611996000,41.106770,(-1.7560, 1.6360, 6.6500),(0.000, 270.000, 0.000)
41626250300,41.121060,(-1.7560, 1.6360, 6.6500),(0.000, 270.000, 0.000)
41639405700,41.134500,(-1.7560, 1.6360, 6.6500),(0.000, 270.000, 0.000)
41653946900,41.148710,(-1.7560, 1.6360, 6.6500),(0.000, 270.000, 0.000)
41675090500,41.169920,(-1.7560, 1.6360, 6.6500),(0.000, 270.000, 0.000)
41683062100,41.178090,(-1.7560, 1.6360, 6.6500),(0.000, 270.000, 0.000)
41695194900,41.190010,(-1.7560, 1.6360, 6.6500),(0.000, 270.000, 0.000)
41709339100,41.204040,(-1.7560, 1.6360, 6.6500),(0.000, 270.000, 0.000)
41722722300,41.217820,(-1.7560, 1.6360, 6.6500),(0.000, 270.000, 0.000)
41737027300,41.231800,(-1.7560, 1.6360, 6.6500),(0.000, 270.000, 0.000)
41751391500,41.246140,(-1.7560, 1.6360, 6.6500),(0.000, 270.000, 0.000)
41764771100,41.259790,(-1.7560, 1.6360, 6.6500),(0.000, 270.000, 0.000)
41779068900,41.273880,(-1.7560, 1.6360, 6.6500),(0.000, 270.000, 0.000)
41792896300,41.287670,(-1.7560, 1.6360, 6.6500),(0.000, 270.000, 0.000)
41806927200,41.301760,(-1.7560, 1.6360, 6.6500),(0.000, 270.000, 0.000)
41820529700,41.315560,(-1.7560, 1.6360, 6.6500),(0.000, 270.000, 0.000)
41834524700,41.329300,(-1.7560, 1.6360, 6.6500),(0.000, 270.000, 0.000)
41848770100,41.343580,(-1.7560, 1.6360, 6.6500),(0.000, 270.000, 0.000)
41862257200,41.357320,(-1.7560, 1.6360, 6.6500),(0.000, 270.000, 0.000)
41884089700,41.378810,(-1.7560, 1.6360, 6.6500),(0.000, 270.000, 0.000)
41892024100,41.386750,(-1.7560, 1.6360, 6.6500),(0.000, 270.000, 0.000)
41904023100,41.399120,(-1.7560, 1.6360, 6.6500),(0.000, 270.000, 0.000)
41918080500,41.412850,(-1.7560, 1.6360, 6.6500),(0.000, 270.000, 0.000)
41932132900,41.426910,(-1.7560, 1.6360, 6.6500),(0.000, 270.000, 0.000)
41945789300,41.440610,(-1.7560, 1.6360, 6.6500),(0.000, 270.000, 0.000)
41959590900,41.454670,(-1.7560, 1.6360, 6.6500),(0.000, 270.000, 0.000)
41974125200,41.468820,(-1.7560, 1.6360, 6.6500),(0.000, 270.000, 0.000)
41987939300,41.482730,(-1.7560, 1.6360, 6.6500),(0.000, 270.000, 0.000)
42001511100,41.496520,(-1.7560, 1.6360, 6.6500),(0.000, 270.000, 0.000)
42015715100,41.510510,(-1.7560, 1.6360, 6.6500),(0.000, 270.000, 0.000)
42029600500,41.524350,(-1.7560, 1.6360, 6.6500),(0.000, 270.000, 0.000)
42043519600,41.538540,(-1.7560, 1.6360, 6.6500),(0.000, 270.000, 0.000)
42057663500,41.552380,(-1.7560, 1.6360, 6.6500),(0.000, 270.000, 0.000)
42071322500,41.566140,(-1.7560, 1.6360, 6.6500),(0.000, 270.000, 0.000)
42093368700,41.588120,(-1.7560, 1.6360, 6.6500),(0.000, 270.000, 0.000)
42101408100,41.596420,(-1.7560, 1.6360, 6.6500),(0.000, 270.000, 0.000)
42112858900,41.607670,(-1.7560, 1.6360, 6.6500),(0.000, 270.000, 0.000)
42126668900,41.621480,(-1.7560, 1.6360, 6.6500),(0.000, 270.000, 0.000)
42140463600,41.635520,(-1.7560, 1.6360, 6.6500),(0.000, 270.000, 0.000)
42154580900,41.649410,(-1.7560, 1.6360, 6.6500),(0.000, 270.000, 0.000)
42168609300,41.663380,(-1.7560, 1.6360, 6.6500),(0.000, 270.000, 0.000)
42182737900,41.677790,(-1.7560, 1.6360, 6.6500),(0.000, 270.000, 0.000)
42196439200,41.691270,(-1.7560, 1.6360, 6.6500),(0.000, 270.000, 0.000)
42210607900,41.705410,(-1.7560, 1.6360, 6.6500),(0.000, 270.000, 0.000)
42224556300,41.719560,(-1.7560, 1.6360, 6.6500),(0.000, 270.000, 0.000)
42238380400,41.733140,(-1.7560, 1.6360, 6.6500),(0.000, 270.000, 0.000)
42252410300,41.747190,(-1.7560, 1.6360, 6.6500),(0.000, 270.000, 0.000)
42266433900,41.761230,(-1.7560, 1.6360, 6.6500),(0.000, 270.000, 0.000)
42279948100,41.775020,(-1.7560, 1.6360, 6.6500),(0.000, 270.000, 0.000)
42301839900,41.796520,(-1.7560, 1.6360, 6.6500),(0.000, 270.000, 0.000)
42309711700,41.804470,(-1.7560, 1.6360, 6.6500),(0.000, 270.000, 0.000)
42321618500,41.816650,(-1.7560, 1.6360, 6.6500),(0.000, 270.000, 0.000)
42335643700,41.830440,(-1.7560, 1.6360, 6.6500),(0.000, 270.000, 0.000)
42350073900,41.844840,(-1.7560, 1.6360, 6.6500),(0.000, 270.000, 0.000)
42363315200,41.858390,(-1.7560, 1.6360, 6.6500),(0.000, 270.000, 0.000)
42377551600,41.872360,(-1.7560, 1.6360, 6.6500),(0.000, 270.000, 0.000)
42391493900,41.886300,(-1.7560, 1.6360, 6.6500),(0.000, 270.000, 0.000)
42405730100,41.900500,(-1.7560, 1.6360, 6.6500),(0.000, 270.000, 0.000)
42419002900,41.914110,(-1.7560, 1.6360, 6.6500),(0.000, 270.000, 0.000)
42433507900,41.928250,(-1.7560, 1.6360, 6.6500),(0.000, 270.000, 0.000)
42447426500,41.942200,(-1.7560, 1.6360, 6.6500),(0.000, 270.000, 0.000)
42460793100,41.955830,(-1.7560, 1.6360, 6.6500),(0.000, 270.000, 0.000)
42475262700,41.970050,(-1.7560, 1.6360, 6.6500),(0.000, 270.000, 0.000)
42489076500,41.983890,(-1.7560, 1.6360, 6.6500),(0.000, 270.000, 0.000)
42510716500,42.005420,(-1.7560, 1.6360, 6.6500),(0.000, 270.000, 0.000)
42518307700,42.013380,(-1.7560, 1.6360, 6.6500),(0.000, 270.000, 0.000)
42530747100,42.025460,(-1.7560, 1.6360, 6.6500),(0.000, 270.000, 0.000)
42544443500,42.039480,(-1.7560, 1.6360, 6.6500),(0.000, 270.000, 0.000)
42558392400,42.053230,(-1.7560, 1.6360, 6.6500),(0.000, 270.000, 0.000)
42572548300,42.067330,(-1.7560, 1.6360, 6.6500),(0.000, 270.000, 0.000)
42586692100,42.081470,(-1.7560, 1.6360, 6.6500),(0.000, 270.000, 0.000)
42600352700,42.095290,(-1.7560, 1.6360, 6.6500),(0.000, 270.000, 0.000)
42614615300,42.109310,(-1.7560, 1.6360, 6.6500),(0.000, 270.000, 0.000)
42628359700,42.123050,(-1.7560, 1.6360, 6.6500),(0.000, 270.000, 0.000)
42641905300,42.136940,(-1.7560, 1.6360, 6.6500),(0.000, 270.000, 0.000)
42656014500,42.150810,(-1.7560, 1.6360, 6.6500),(0.000, 270.000, 0.000)
42670097500,42.164840,(-1.7560, 1.6360, 6.6500),(0.000, 270.000, 0.000)
42683614100,42.178650,(-1.7560, 1.6360, 6.6500),(0.000, 270.000, 0.000)
42697821100,42.192640,(-1.7560, 1.6360, 6.6500),(0.000, 270.000, 0.000)
42719487300,42.214240,(-1.7560, 1.6360, 6.6500),(0.000, 270.000, 0.000)
42727472300,42.222170,(-1.7560, 1.6360, 6.6500),(0.000, 270.000, 0.000)
42739055100,42.234100,(-1.7560, 1.6360, 6.6500),(0.000, 270.000, 0.000)
42753593900,42.248280,(-1.7560, 1.6360, 6.6500),(0.000, 270.000, 0.000)
42767612800,42.262400,(-1.7560, 1.6360, 6.6500),(0.000, 270.000, 0.000)
42780910100,42.276060,(-1.7560, 1.6360, 6.6500),(0.000, 270.000, 0.000)
42795417200,42.290170,(-1.7560, 1.6360, 6.6500),(0.000, 270.000, 0.000)
42809329700,42.304080,(-1.7560, 1.6360, 6.6500),(0.000, 270.000, 0.000)
42823176900,42.318170,(-1.7560, 1.6360, 6.6500),(0.000, 270.000, 0.000)
42837103700,42.331890,(-1.7560, 1.6360, 6.6500),(0.000, 270.000, 0.000)
42850854100,42.345630,(-1.7560, 1.6360, 6.6500),(0.000, 270.000, 0.000)
42864677700,42.359710,(-1.7560, 1.6360, 6.6500),(0.000, 270.000, 0.000)
42878744100,42.373550,(-1.7560, 1.6360, 6.6500),(0.000, 270.000, 0.000)
42892656900,42.387460,(-1.7560, 1.6360, 6.6500),(0.000, 270.000, 0.000)
42906829100,42.401480,(-1.7560, 1.6360, 6.6500),(0.000, 270.000, 0.000)
42928452000,42.423080,(-1.7560, 1.6360, 6.6500),(0.000, 270.000, 0.000)
42935982900,42.431070,(-1.7560, 1.6360, 6.6500),(0.000, 270.000, 0.000)
42948212100,42.443060,(-1.7560, 1.6360, 6.6500),(0.000, 270.000, 0.000)
42962015700,42.457020,(-1.7560, 1.6360, 6.6500),(0.000, 270.000, 0.000)
42976168700,42.470960,(-1.7560, 1.6360, 6.6500),(0.000, 270.000, 0.000)
42989968100,42.484810,(-1.7560, 1.6360, 6.6500),(0.000, 270.000, 0.000)
43003821600,42.498860,(-1.7560, 1.6360, 6.6500),(0.000, 270.000, 0.000)
43018065500,42.512840,(-1.7560, 1.6360, 6.6500),(0.000, 270.000, 0.000)
43031944100,42.526720,(-1.7560, 1.6360, 6.6500),(0.000, 270.000, 0.000)
43046031700,42.540710,(-1.7560, 1.6360, 6.6500),(0.000, 270.000, 0.000)
43059821900,42.554800,(-1.7560, 1.6360, 6.6500),(0.000, 270.000, 0.000)
43073738000,42.568540,(-1.7560, 1.6360, 6.6500),(0.000, 270.000, 0.000)
43087700000,42.582550,(-1.7560, 1.6360, 6.6500),(0.000, 270.000, 0.000)
43101360100,42.596340,(-1.7560, 1.6360, 6.6500),(0.000, 270.000, 0.000)
43115564300,42.610380,(-1.7560, 1.6360, 6.6500),(0.000, 270.000, 0.000)
43137090300,42.631810,(-1.7560, 1.6360, 6.6500),(0.000, 270.000, 0.000)
43144556300,42.639630,(-1.7560, 1.6360, 6.6500),(0.000, 270.000, 0.000)
43157141600,42.651890,(-1.7560, 1.6360, 6.6500),(0.000, 270.000, 0.000)
43171132500,42.665940,(-1.7560, 1.6360, 6.6500),(0.000, 270.000, 0.000)
43185410800,42.680170,(-1.7560, 1.6360, 6.6500),(0.000, 270.000, 0.000)
43198663300,42.693780,(-1.7560, 1.6360, 6.6500),(0.000, 270.000, 0.000)
43213010100,42.707790,(-1.7560, 1.6360, 6.6500),(0.000, 270.000, 0.000)
43227134500,42.721880,(-1.7560, 1.6360, 6.6500),(0.000, 270.000, 0.000)
43240600400,42.735630,(-1.7560, 1.6360, 6.6500),(0.000, 270.000, 0.000)
43254846100,42.749610,(-1.7560, 1.6360, 6.6500),(0.000, 270.000, 0.000)
43268768100,42.763550,(-1.7560, 1.6360, 6.6500),(0.000, 270.000, 0.000)
43282280500,42.777350,(-1.7560, 1.6360, 6.6500),(0.000, 270.000, 0.000)
43296545700,42.791370,(-1.7560, 1.6360, 6.6500),(0.000, 270.000, 0.000)
43310622900,42.805410,(-1.7560, 1.6360, 6.6500),(0.000, 270.000, 0.000)
43324267900,42.819370,(-1.7560, 1.6360, 6.6500),(0.000, 270.000, 0.000)
43346171700,42.840790,(-1.7560, 1.6360, 6.6500),(0.000, 270.000, 0.000)
43353650500,42.848690,(-1.7560, 1.6360, 6.6500),(0.000, 270.000, 0.000)
43366070700,42.860820,(-1.7560, 1.6360, 6.6500),(0.000, 270.000, 0.000)
43379599600,42.874680,(-1.7560, 1.6360, 6.6500),(0.000, 270.000, 0.000)
43393587100,42.888440,(-1.7560, 1.6360, 6.6500),(0.000, 270.000, 0.000)
43408028800,42.902710,(-1.7560, 1.6360, 6.6500),(0.000, 270.000, 0.000)
43421721700,42.916750,(-1.7560, 1.6360, 6.6500),(0.000, 270.000, 0.000)
43435718700,42.930540,(-1.7560, 1.6360, 6.6500),(0.000, 270.000, 0.000)
43449681100,42.944490,(-1.7560, 1.6360, 6.6500),(0.000, 270.000, 0.000)
43463371300,42.958380,(-1.7560, 1.6360, 6.6500),(0.000, 270.000, 0.000)
43477558400,42.972370,(-1.7560, 1.6360, 6.6500),(0.000, 270.000, 0.000)
43491604100,42.986420,(-1.7560, 1.6360, 6.6500),(0.000, 270.000, 0.000)
43505523100,43.000310,(-1.7560, 1.6360, 6.6500),(0.000, 270.000, 0.000)
43519106500,43.014150,(-1.7560, 1.6360, 6.6500),(0.000, 270.000, 0.000)
43533557700,43.028340,(-1.7560, 1.6360, 6.6500),(0.000, 270.000, 0.000)
43554949100,43.049740,(-1.7560, 1.6360, 6.6500),(0.000, 270.000, 0.000)
43562542100,43.057560,(-1.7560, 1.6360, 6.6500),(0.000, 270.000, 0.000)
43574865300,43.069660,(-1.7560, 1.6360, 6.6500),(0.000, 270.000, 0.000)
43588721200,43.083450,(-1.7560, 1.6360, 6.6500),(0.000, 270.000, 0.000)
43602512500,43.097520,(-1.7560, 1.6360, 6.6500),(0.000, 270.000, 0.000)
43616804800,43.111580,(-1.7560, 1.6360, 6.6500),(0.000, 270.000, 0.000)
43630619300,43.125330,(-1.7560, 1.6360, 6.6500),(0.000, 270.000, 0.000)
43644314900,43.139420,(-1.7560, 1.6360, 6.6500),(0.000, 270.000, 0.000)
43658528400,43.153330,(-1.7560, 1.6360, 6.6500),(0.000, 270.000, 0.000)
43672488000,43.167350,(-1.7560, 1.6360, 6.6500),(0.000, 270.000, 0.000)
43686455200,43.181230,(-1.7560, 1.6360, 6.6500),(0.000, 270.000, 0.000)
43700308100,43.195350,(-1.7560, 1.6360, 6.6500),(0.000, 270.000, 0.000)
43714264500,43.209090,(-1.7560, 1.6360, 6.6500),(0.000, 270.000, 0.000)
43728259100,43.223050,(-1.7560, 1.6360, 6.6500),(0.000, 270.000, 0.000)
43741932500,43.236990,(-1.7560, 1.6360, 6.6500),(0.000, 270.000, 0.000)
43763799100,43.258540,(-1.7560, 1.6360, 6.6500),(0.000, 270.000, 0.000)
43771454400,43.266190,(-1.7560, 1.6360, 6.6500),(0.000, 270.000, 0.000)
43783421200,43.278520,(-1.7560, 1.6360, 6.6500),(0.000, 270.000, 0.000)
43797628400,43.292400,(-1.7560, 1.6360, 6.6500),(0.000, 270.000, 0.000)
43811814000,43.306590,(-1.7560, 1.6360, 6.6500),(0.000, 270.000, 0.000)
43825527100,43.320340,(-1.7560, 1.6360, 6.6500),(0.000, 270.000, 0.000)
43839198400,43.334340,(-1.7560, 1.6360, 6.6500),(0.000, 270.000, 0.000)
43853365700,43.348180,(-1.7560, 1.6360, 6.6500),(0.000, 270.000, 0.000)
43867496900,43.362250,(-1.7560, 1.6360, 6.6500),(0.000, 270.000, 0.000)
43881100400,43.376130,(-1.7560, 1.6360, 6.6500),(0.000, 270.000, 0.000)
43895323700,43.390110,(-1.7560, 1.6360, 6.6500),(0.000, 270.000, 0.000)
43909266500,43.404070,(-1.7560, 1.6360, 6.6500),(0.000, 270.000, 0.000)
43922913100,43.417960,(-1.7560, 1.6360, 6.6500),(0.000, 270.000, 0.000)
43937130700,43.431870,(-1.7560, 1.6360, 6.6500),(0.000, 270.000, 0.000)
43951004700,43.445790,(-1.7560, 1.6360, 6.6500),(0.000, 270.000, 0.000)
43972665100,43.467430,(-1.7560, 1.6360, 6.6500),(0.000, 270.000, 0.000)
43980767900,43.475540,(-1.7560, 1.6360, 6.6500),(0.000, 270.000, 0.000)
43992655600,43.487370,(-1.7560, 1.6360, 6.6500),(0.000, 270.000, 0.000)
44006285500,43.501050,(-1.7560, 1.6360, 6.6500),(0.000, 270.000, 0.000)
44020257300,43.515340,(-1.7560, 1.6360, 6.6500),(0.000, 270.000, 0.000)
44034261100,43.529110,(-1.7560, 1.6360, 6.6500),(0.000, 270.000, 0.000)
44048286400,43.543000,(-1.7560, 1.6360, 6.6500),(0.000, 270.000, 0.000)
44062346000,43.557310,(-1.7560, 1.6360, 6.6500),(0.000, 270.000, 0.000)
44076396100,43.571040,(-1.7560, 1.6360, 6.6500),(0.000, 270.000, 0.000)
44090040500,43.584790,(-1.7560, 1.6360, 6.6500),(0.000, 270.000, 0.000)
44104063300,43.599110,(-1.7560, 1.6360, 6.6500),(0.000, 270.000, 0.000)
44117997300,43.612700,(-1.7560, 1.6360, 6.6500),(0.000, 270.000, 0.000)
44131605300,43.626430,(-1.7560, 1.6360, 6.6500),(0.000, 270.000, 0.000)
44145926100,43.640690,(-1.7560, 1.6360, 6.6500),(0.000, 270.000, 0.000)
44159344400,43.654430,(-1.7560, 1.6360, 6.6500),(0.000, 270.000, 0.000)
44180645200,43.675360,(-1.7560, 1.6360, 6.6500),(0.000, 270.000, 0.000)
44188172000,43.682960,(-1.7560, 1.6360, 6.6500),(0.000, 270.000, 0.000)
44200905300,43.695950,(-1.7560, 1.6360, 6.6500),(0.000, 270.000, 0.000)
44215520100,43.710250,(-1.7560, 1.6360, 6.6500),(0.000, 270.000, 0.000)
44229419600,43.724230,(-1.7560, 1.6360, 6.6500),(0.000, 270.000, 0.000)
44243133500,43.738200,(-1.7560, 1.6360, 6.6500),(0.000, 270.000, 0.000)
44257291300,43.752040,(-1.7560, 1.6360, 6.6500),(0.000, 270.000, 0.000)
44271546500,43.766200,(-1.7560, 1.6360, 6.6500),(0.000, 270.000, 0.000)
44284886900,43.779950,(-1.7560, 1.6360, 6.6500),(0.000, 270.000, 0.000)
44298911700,43.793740,(-1.7560, 1.6360, 6.6500),(0.000, 270.000, 0.000)
44312882900,43.807670,(-1.7560, 1.6360, 6.6500),(0.000, 270.000, 0.000)
44326824500,43.821620,(-1.7560, 1.6360, 6.6500),(0.000, 270.000, 0.000)
44340067700,43.835210,(-1.7560, 1.6360, 6.6500),(0.000, 270.000, 0.000)
44354183300,43.849050,(-1.7560, 1.6360, 6.6500),(0.000, 270.000, 0.000)
44368432000,43.863190,(-1.7560, 1.6360, 6.6500),(0.000, 270.000, 0.000)
44389804500,43.884540,(-1.7560, 1.6360, 6.6500),(0.000, 270.000, 0.000)
44397133700,43.892250,(-1.7560, 1.6360, 6.6500),(0.000, 270.000, 0.000)
44409681600,43.904520,(-1.7560, 1.6360, 6.6500),(0.000, 270.000, 0.000)
44423170500,43.918240,(-1.7560, 1.6360, 6.6500),(0.000, 270.000, 0.000)
44437501300,43.932290,(-1.7560, 1.6360, 6.6500),(0.000, 270.000, 0.000)
44451830300,43.946610,(-1.7560, 1.6360, 6.6500),(0.000, 270.000, 0.000)
44465457200,43.960300,(-1.7560, 1.6360, 6.6500),(0.000, 270.000, 0.000)
44479130900,43.974170,(-1.7560, 1.6360, 6.6500),(0.000, 270.000, 0.000)
44493300900,43.988080,(-1.7560, 1.6360, 6.6500),(0.000, 270.000, 0.000)
44507273100,44.002090,(-1.7560, 1.6360, 6.6500),(0.000, 270.000, 0.000)
44521209200,44.016260,(-1.7560, 1.6360, 6.6500),(0.000, 270.000, 0.000)
44534936100,44.029830,(-1.7560, 1.6360, 6.6500),(0.000, 270.000, 0.000)
44549268500,44.044050,(-1.7560, 1.6360, 6.6500),(0.000, 270.000, 0.000)
44562676900,44.057640,(-1.7560, 1.6360, 6.6500),(0.000, 270.000, 0.000)
44577066400,44.071830,(-1.7560, 1.6360, 6.6500),(0.000, 270.000, 0.000)
44598653300,44.093430,(-1.7560, 1.6360, 6.6500),(0.000, 270.000, 0.000)
44606393300,44.101120,(-1.7560, 1.6360, 6.6500),(0.000, 270.000, 0.000)
44618187600,44.113240,(-1.7560, 1.6360, 6.6500),(0.000, 270.000, 0.000)
44632372900,44.127230,(-1.7560, 1.6360, 6.6500),(0.000, 270.000, 0.000)
44646059200,44.140900,(-1.7560, 1.6360, 6.6500),(0.000, 270.000, 0.000)
44660351500,44.155210,(-1.7560, 1.6360, 6.6500),(0.000, 270.000, 0.000)
44674261600,44.169080,(-1.7560, 1.6360, 6.6500),(0.000, 270.000, 0.000)
44688068000,44.182870,(-1.7560, 1.6360, 6.6500),(0.000, 270.000, 0.000)
44701958300,44.197000,(-1.7560, 1.6360, 6.6500),(0.000, 270.000, 0.000)
44716000900,44.210810,(-1.7560, 1.6360, 6.6500),(0.000, 270.000, 0.000)
44729881300,44.224680,(-1.7560, 1.6360, 6.6500),(0.000, 270.000, 0.000)
44743773600,44.238750,(-1.7560, 1.6360, 6.6500),(0.000, 270.000, 0.000)
44757821900,44.252530,(-1.7560, 1.6360, 6.6500),(0.000, 270.000, 0.000)
44771689300,44.266490,(-1.7560, 1.6360, 6.6500),(0.000, 270.000, 0.000)
44785764100,44.280580,(-1.7560, 1.6360, 6.6500),(0.000, 270.000, 0.000)
44807476100,44.302200,(-1.7560, 1.6360, 6.6500),(0.000, 270.000, 0.000)
44814812500,44.309920,(-1.7560, 1.6360, 6.6500),(0.000, 270.000, 0.000)
44827184300,44.321980,(-1.7560, 1.6360, 6.6500),(0.000, 270.000, 0.000)
44840730900,44.335800,(-1.7560, 1.6360, 6.6500),(0.000, 270.000, 0.000)
44854885100,44.349660,(-1.7560, 1.6360, 6.6500),(0.000, 270.000, 0.000)
44868997700,44.363790,(-1.7560, 1.6360, 6.6500),(0.000, 270.000, 0.000)
44882480000,44.377600,(-1.7560, 1.6360, 6.6500),(0.000, 270.000, 0.000)
44896885200,44.391650,(-1.7560, 1.6360, 6.6500),(0.000, 270.000, 0.000)
44910773500,44.405610,(-1.7560, 1.6360, 6.6500),(0.000, 270.000, 0.000)
44924510100,44.419590,(-1.7560, 1.6360, 6.6500),(0.000, 270.000, 0.000)
44938615300,44.433400,(-1.7560, 1.6360, 6.6500),(0.000, 270.000, 0.000)
44952691700,44.447500,(-1.7560, 1.6360, 6.6500),(0.000, 270.000, 0.000)
44966248000,44.461090,(-1.7560, 1.6360, 6.6500),(0.000, 270.000, 0.000)
44979848000,44.475000,(-1.7560, 1.6360, 6.6500),(0.000, 270.000, 0.000)
44994012800,44.488850,(-1.7560, 1.6360, 6.6500),(0.000, 270.000, 0.000)
45015909500,44.510700,(-1.7560, 1.6360, 6.6500),(0.000, 270.000, 0.000)
45023206100,44.518290,(-1.7560, 1.6360, 6.6500),(0.000, 270.000, 0.000)
45035648800,44.530490,(-1.7560, 1.6360, 6.6500),(0.000, 270.000, 0.000)
45049889300,44.544640,(-1.7560, 1.6360, 6.6500),(0.000, 270.000, 0.000)
45063424900,44.558500,(-1.7560, 1.6360, 6.6500),(0.000, 270.000, 0.000)
45077597700,44.572430,(-1.7560, 1.6360, 6.6500),(0.000, 270.000, 0.000)
45091648400,44.586450,(-1.7560, 1.6360, 6.6500),(0.000, 270.000, 0.000)
45105756800,44.600460,(-1.7560, 1.6360, 6.6500),(0.000, 270.000, 0.000)
45119521600,44.614490,(-1.7560, 1.6360, 6.6500),(0.000, 270.000, 0.000)
45133219600,44.628030,(-1.7560, 1.6360, 6.6500),(0.000, 270.000, 0.000)
45147092300,44.641890,(-1.7560, 1.6360, 6.6500),(0.000, 270.000, 0.000)
45160565100,44.655660,(-1.7560, 1.6360, 6.6500),(0.000, 270.000, 0.000)
45174865300,44.669680,(-1.7560, 1.6360, 6.6500),(0.000, 270.000, 0.000)
45188884700,44.683670,(-1.7560, 1.6360, 6.6500),(0.000, 270.000, 0.000)
45202358500,44.697450,(-1.7560, 1.6360, 6.6500),(0.000, 270.000, 0.000)
45224665700,44.719430,(-1.7560, 1.6360, 6.6500),(0.000, 270.000, 0.000)
45231546000,44.726390,(-1.7560, 1.6360, 6.6500),(0.000, 270.000, 0.000)
45243876700,44.739010,(-1.7560, 1.6360, 6.6500),(0.000, 270.000, 0.000)
45258127300,44.752980,(-1.7560, 1.6360, 6.6500),(0.000, 270.000, 0.000)
45272190100,44.767040,(-1.7560, 1.6360, 6.6500),(0.000, 270.000, 0.000)
45286321700,44.781040,(-1.7560, 1.6360, 6.6500),(0.000, 270.000, 0.000)
45300197600,44.795270,(-1.7560, 1.6360, 6.6500),(0.000, 270.000, 0.000)
45313998100,44.808840,(-1.7560, 1.6360, 6.6500),(0.000, 270.000, 0.000)
45328006100,44.822810,(-1.7560, 1.6360, 6.6500),(0.000, 270.000, 0.000)
45341572900,44.836660,(-1.7560, 1.6360, 6.6500),(0.000, 270.000, 0.000)
45355726300,44.850580,(-1.7560, 1.6360, 6.6500),(0.000, 270.000, 0.000)
45370032800,44.864850,(-1.7560, 1.6360, 6.6500),(0.000, 270.000, 0.000)
45383579300,44.878630,(-1.7560, 1.6360, 6.6500),(0.000, 270.000, 0.000)
45397657500,44.892480,(-1.7560, 1.6360, 6.6500),(0.000, 270.000, 0.000)
45411668100,44.906530,(-1.7560, 1.6360, 6.6500),(0.000, 270.000, 0.000)
45433538300,44.928300,(-1.7560, 1.6360, 6.6500),(0.000, 270.000, 0.000)
45439919600,44.935060,(-1.7560, 1.6360, 6.6500),(0.000, 270.000, 0.000)
45453370000,44.948160,(-1.7560, 1.6360, 6.6500),(0.000, 270.000, 0.000)
45467224100,44.962020,(-1.7560, 1.6360, 6.6500),(0.000, 270.000, 0.000)
45480892100,44.975970,(-1.7560, 1.6360, 6.6500),(0.000, 270.000, 0.000)
45495148900,44.989990,(-1.7560, 1.6360, 6.6500),(0.000, 270.000, 0.000)
45509272500,45.004030,(-1.7560, 1.6360, 6.6500),(0.000, 270.000, 0.000)
45522648900,45.017730,(-1.7560, 1.6360, 6.6500),(0.000, 270.000, 0.000)
45536986500,45.031810,(-1.7560, 1.6360, 6.6500),(0.000, 270.000, 0.000)
45550753600,45.045550,(-1.7560, 1.6360, 6.6500),(0.000, 270.000, 0.000)
45564433900,45.059570,(-1.7560, 1.6360, 6.6500),(0.000, 270.000, 0.000)
45578869200,45.073680,(-1.7560, 1.6360, 6.6500),(0.000, 270.000, 0.000)
45592861500,45.087670,(-1.7560, 1.6360, 6.6500),(0.000, 270.000, 0.000)
45606556700,45.101350,(-1.7560, 1.6360, 6.6500),(0.000, 270.000, 0.000)
45620238000,45.115350,(-1.7560, 1.6360, 6.6500),(0.000, 270.000, 0.000)
45642804900,45.137550,(-1.7560, 1.6360, 6.6500),(0.000, 270.000, 0.000)
45649534100,45.144410,(-1.7560, 1.6360, 6.6500),(0.000, 270.000, 0.000)
45661808700,45.156910,(-1.7560, 1.6360, 6.6500),(0.000, 270.000, 0.000)
45676210100,45.171000,(-1.7560, 1.6360, 6.6500),(0.000, 270.000, 0.000)
45690039700,45.184810,(-1.7560, 1.6360, 6.6500),(0.000, 270.000, 0.000)
45703654100,45.198760,(-1.7560, 1.6360, 6.6500),(0.000, 270.000, 0.000)
45717894900,45.212670,(-1.7560, 1.6360, 6.6500),(0.000, 270.000, 0.000)
45731838100,45.226630,(-1.7560, 1.6360, 6.6500),(0.000, 270.000, 0.000)
45745796000,45.240560,(-1.7560, 1.6360, 6.6500),(0.000, 270.000, 0.000)
45759227100,45.254380,(-1.7560, 1.6360, 6.6500),(0.000, 270.000, 0.000)
45773414500,45.268310,(-1.7560, 1.6360, 6.6500),(0.000, 270.000, 0.000)
45787629900,45.282470,(-1.7560, 1.6360, 6.6500),(0.000, 270.000, 0.000)
45801038000,45.296180,(-1.7560, 1.6360, 6.6500),(0.000, 270.000, 0.000)
45815281200,45.310160,(-1.7560, 1.6360, 6.6500),(0.000, 270.000, 0.000)
45829429500,45.324290,(-1.7560, 1.6360, 6.6500),(0.000, 270.000, 0.000)
45851410700,45.346190,(-1.7560, 1.6360, 6.6500),(0.000, 270.000, 0.000)
45857988400,45.353090,(-1.7560, 1.6360, 6.6500),(0.000, 270.000, 0.000)
45870976300,45.365800,(-1.7560, 1.6360, 6.6500),(0.000, 270.000, 0.000)
45884642400,45.379760,(-1.7560, 1.6360, 6.6500),(0.000, 270.000, 0.000)
45898770700,45.393530,(-1.7560, 1.6360, 6.6500),(0.000, 270.000, 0.000)
45912684400,45.407510,(-1.7560, 1.6360, 6.6500),(0.000, 270.000, 0.000)
45926668400,45.421470,(-1.7560, 1.6360, 6.6500),(0.000, 270.000, 0.000)
45940144500,45.435350,(-1.7560, 1.6360, 6.6500),(0.000, 270.000, 0.000)
45954516100,45.449380,(-1.7560, 1.6360, 6.6500),(0.000, 270.000, 0.000)
45968568000,45.463380,(-1.7560, 1.6360, 6.6500),(0.000, 270.000, 0.000)
45982203600,45.477290,(-1.7560, 1.6360, 6.6500),(0.000, 270.000, 0.000)
45996291300,45.491170,(-1.7560, 1.6360, 6.6500),(0.000, 270.000, 0.000)
46010464500,45.505270,(-1.7560, 1.6360, 6.6500),(0.000, 270.000, 0.000)
46024132700,45.519210,(-1.7560, 1.6360, 6.6500),(0.000, 270.000, 0.000)
46038148900,45.533010,(-1.7560, 1.6360, 6.6500),(0.000, 270.000, 0.000)
46060360000,45.555120,(-1.7560, 1.6360, 6.6500),(0.000, 270.000, 0.000)
46067110800,45.562030,(-1.7560, 1.6360, 6.6500),(0.000, 270.000, 0.000)
46079489900,45.574620,(-1.7560, 1.6360, 6.6500),(0.000, 270.000, 0.000)
46093963700,45.588780,(-1.7560, 1.6360, 6.6500),(0.000, 270.000, 0.000)
46108016900,45.602830,(-1.7560, 1.6360, 6.6500),(0.000, 270.000, 0.000)
46121690800,45.616760,(-1.7560, 1.6360, 6.6500),(0.000, 270.000, 0.000)
46136039600,45.630740,(-1.7560, 1.6360, 6.6500),(0.000, 270.000, 0.000)
46149883600,45.644650,(-1.7560, 1.6360, 6.6500),(0.000, 270.000, 0.000)
46163693900,45.658760,(-1.7560, 1.6360, 6.6500),(0.000, 270.000, 0.000)
46177678700,45.672480,(-1.7560, 1.6360, 6.6500),(0.000, 270.000, 0.000)
46191832700,45.686550,(-1.7560, 1.6360, 6.6500),(0.000, 270.000, 0.000)
46205539500,45.700290,(-1.7560, 1.6360, 6.6500),(0.000, 270.000, 0.000)
46219547600,45.714530,(-1.7560, 1.6360, 6.6500),(0.000, 270.000, 0.000)
46233272900,45.728080,(-1.7560, 1.6360, 6.6500),(0.000, 270.000, 0.000)
46247178800,45.742010,(-1.7560, 1.6360, 6.6500),(0.000, 270.000, 0.000)
46269540800,45.764280,(-1.7560, 1.6360, 6.6500),(0.000, 270.000, 0.000)
46277032100,45.772040,(-1.7560, 1.6360, 6.6500),(0.000, 270.000, 0.000)
46288989300,45.783820,(-1.7560, 1.6360, 6.6500),(0.000, 270.000, 0.000)
46302451300,45.797490,(-1.7560, 1.6360, 6.6500),(0.000, 270.000, 0.000)
46316936400,45.811700,(-1.7560, 1.6360, 6.6500),(0.000, 270.000, 0.000)
46330730500,45.825500,(-1.7560, 1.6360, 6.6500),(0.000, 270.000, 0.000)
46344387500,45.839470,(-1.7560, 1.6360, 6.6500),(0.000, 270.000, 0.000)
46358539600,45.853300,(-1.7560, 1.6360, 6.6500),(0.000, 270.000, 0.000)
46372528500,45.867310,(-1.7560, 1.6360, 6.6500),(0.000, 270.000, 0.000)
46386684100,45.881500,(-1.7560, 1.6360, 6.6500),(0.000, 270.000, 0.000)
46399836100,45.894940,(-1.7560, 1.6360, 6.6500),(0.000, 270.000, 0.000)
46414063300,45.908910,(-1.7560, 1.6360, 6.6500),(0.000, 270.000, 0.000)
46428270100,45.923050,(-1.7560, 1.6360, 6.6500),(0.000, 270.000, 0.000)
46441824300,45.936880,(-1.7560, 1.6360, 6.6500),(0.000, 270.000, 0.000)
46456215300,45.951010,(-1.7560, 1.6360, 6.6500),(0.000, 270.000, 0.000)
46478408700,45.973140,(-1.7560, 1.6360, 6.6500),(0.000, 270.000, 0.000)
46486163300,45.980870,(-1.7560, 1.6360, 6.6500),(0.000, 270.000, 0.000)
46497616100,45.992700,(-1.7560, 1.6360, 6.6500),(0.000, 270.000, 0.000)
46511585500,46.006400,(-1.7560, 1.6360, 6.6500),(0.000, 270.000, 0.000)
46525678700,46.020400,(-1.7560, 1.6360, 6.6500),(0.000, 270.000, 0.000)
46538957300,46.034020,(-1.7560, 1.6360, 6.6500),(0.000, 270.000, 0.000)
46553367200,46.048160,(-1.7560, 1.6360, 6.6500),(0.000, 270.000, 0.000)
46567422900,46.062220,(-1.7560, 1.6360, 6.6500),(0.000, 270.000, 0.000)
46581422700,46.076430,(-1.7560, 1.6360, 6.6500),(0.000, 270.000, 0.000)
46595162900,46.089940,(-1.7560, 1.6360, 6.6500),(0.000, 270.000, 0.000)
46609303300,46.104060,(-1.7560, 1.6360, 6.6500),(0.000, 270.000, 0.000)
46623064300,46.118050,(-1.7560, 1.6360, 6.6500),(0.000, 270.000, 0.000)
46637177700,46.131950,(-1.7560, 1.6360, 6.6500),(0.000, 270.000, 0.000)
46651034100,46.145820,(-1.7560, 1.6360, 6.6500),(0.000, 270.000, 0.000)
46664637300,46.159700,(-1.7560, 1.6360, 6.6500),(0.000, 270.000, 0.000)
46687261200,46.181830,(-1.7560, 1.6360, 6.6500),(0.000, 270.000, 0.000)
46694558100,46.189620,(-1.7560, 1.6360, 6.6500),(0.000, 270.000, 0.000)
46706402100,46.201170,(-1.7560, 1.6360, 6.6500),(0.000, 270.000, 0.000)
46719918700,46.215030,(-1.7560, 1.6360, 6.6500),(0.000, 270.000, 0.000)
46734339300,46.229130,(-1.7560, 1.6360, 6.6500),(0.000, 270.000, 0.000)
46748418700,46.243160,(-1.7560, 1.6360, 6.6500),(0.000, 270.000, 0.000)
46762180000,46.257210,(-1.7560, 1.6360, 6.6500),(0.000, 270.000, 0.000)
46776250100,46.271010,(-1.7560, 1.6360, 6.6500),(0.000, 270.000, 0.000)
46790185600,46.285030,(-1.7560, 1.6360, 6.6500),(0.000, 270.000, 0.000)
46804004500,46.298970,(-1.7560, 1.6360, 6.6500),(0.000, 270.000, 0.000)
46818166000,46.312870,(-1.7560, 1.6360, 6.6500),(0.000, 270.000, 0.000)
46831852000,46.326640,(-1.7560, 1.6360, 6.6500),(0.000, 270.000, 0.000)
46845802800,46.340620,(-1.7560, 1.6360, 6.6500),(0.000, 270.000, 0.000)
46859797700,46.354870,(-1.7560, 1.6360, 6.6500),(0.000, 270.000, 0.000)
46873531200,46.368340,(-1.7560, 1.6360, 6.6500),(0.000, 270.000, 0.000)
46895970000,46.390720,(-1.7560, 1.6360, 6.6500),(0.000, 270.000, 0.000)
46903574900,46.398540,(-1.7560, 1.6360, 6.6500),(0.000, 270.000, 0.000)
46915247300,46.410040,(-1.7560, 1.6360, 6.6500),(0.000, 270.000, 0.000)
46929156100,46.423970,(-1.7560, 1.6360, 6.6500),(0.000, 270.000, 0.000)
46942859100,46.437900,(-1.7560, 1.6360, 6.6500),(0.000, 270.000, 0.000)
46957091700,46.451850,(-1.7560, 1.6360, 6.6500),(0.000, 270.000, 0.000)
46971243700,46.465930,(-1.7560, 1.6360, 6.6500),(0.000, 270.000, 0.000)
46984681900,46.479760,(-1.7560, 1.6360, 6.6500),(0.000, 270.000, 0.000)
46998729100,46.493480,(-1.7560, 1.6360, 6.6500),(0.000, 270.000, 0.000)
47012762000,46.507570,(-1.7560, 1.6360, 6.6500),(0.000, 270.000, 0.000)
47026832100,46.521620,(-1.7560, 1.6360, 6.6500),(0.000, 270.000, 0.000)
47040602800,46.535660,(-1.7560, 1.6360, 6.6500),(0.000, 270.000, 0.000)
47054544400,46.549360,(-1.7560, 1.6360, 6.6500),(0.000, 270.000, 0.000)
47068712000,46.563510,(-1.7560, 1.6360, 6.6500),(0.000, 270.000, 0.000)
47082312400,46.577360,(-1.7560, 1.6360, 6.6500),(0.000, 270.000, 0.000)
47104963300,46.599700,(-1.7560, 1.6360, 6.6500),(0.000, 270.000, 0.000)
47112708500,46.607470,(-1.7560, 1.6360, 6.6500),(0.000, 270.000, 0.000)
47124502800,46.619510,(-1.7560, 1.6360, 6.6500),(0.000, 270.000, 0.000)
47137807600,46.632600,(-1.7560, 1.6360, 6.6500),(0.000, 270.000, 0.000)
47151970500,46.646670,(-1.7560, 1.6360, 6.6500),(0.000, 270.000, 0.000)
47166242000,46.660980,(-1.7560, 1.6360, 6.6500),(0.000, 270.000, 0.000)
47179362900,46.674500,(-1.7560, 1.6360, 6.6500),(0.000, 270.000, 0.000)
47194024000,46.688820,(-1.7560, 1.6360, 6.6500),(0.000, 270.000, 0.000)
47207810400,46.702560,(-1.7560, 1.6360, 6.6500),(0.000, 270.000, 0.000)
47221315500,46.716370,(-1.7560, 1.6360, 6.6500),(0.000, 270.000, 0.000)
47235677200,46.730480,(-1.7560, 1.6360, 6.6500),(0.000, 270.000, 0.000)
47249829200,46.744520,(-1.7560, 1.6360, 6.6500),(0.000, 270.000, 0.000)
47263327500,46.758370,(-1.7560, 1.6360, 6.6500),(0.000, 270.000, 0.000)
47277491700,46.772290,(-1.7560, 1.6360, 6.6500),(0.000, 270.000, 0.000)
47291539100,46.786240,(-1.7560, 1.6360, 6.6500),(0.000, 270.000, 0.000)
47314065500,46.808810,(-1.7560, 1.6360, 6.6500),(0.000, 270.000, 0.000)
47333531300,46.828250,(-1.7560, 1.6360, 6.6500),(0.000, 270.000, 0.000)
47347514800,46.842310,(-1.7560, 1.6360, 6.6500),(0.000, 270.000, 0.000)
47361057600,46.856070,(-1.7560, 1.6360, 6.6500),(0.000, 270.000, 0.000)
47375266400,46.870090,(-1.7560, 1.6360, 6.6500),(0.000, 270.000, 0.000)
47389222700,46.883960,(-1.7560, 1.6360, 6.6500),(0.000, 270.000, 0.000)
47402854100,46.897890,(-1.7560, 1.6360, 6.6500),(0.000, 270.000, 0.000)
47416935900,46.911740,(-1.7560, 1.6360, 6.6500),(0.000, 270.000, 0.000)
47431233300,46.926010,(-1.7560, 1.6360, 6.6500),(0.000, 270.000, 0.000)
47444620100,46.939640,(-1.7560, 1.6360, 6.6500),(0.000, 270.000, 0.000)
47458779500,46.953590,(-1.7560, 1.6360, 6.6500),(0.000, 270.000, 0.000)
47472923100,46.967590,(-1.7560, 1.6360, 6.6500),(0.000, 270.000, 0.000)
47486691500,46.981430,(-1.7560, 1.6360, 6.6500),(0.000, 270.000, 0.000)
47500125300,46.995230,(-1.7560, 1.6360, 6.6500),(0.000, 270.000, 0.000)
47523176300,47.017850,(-1.7560, 1.6360, 6.6500),(0.000, 270.000, 0.000)
47542512700,47.037230,(-1.7560, 1.6360, 6.6500),(0.000, 270.000, 0.000)
47556277100,47.051030,(-1.7560, 1.6360, 6.6500),(0.000, 270.000, 0.000)
47569969500,47.064820,(-1.7560, 1.6360, 6.6500),(0.000, 270.000, 0.000)
47583817600,47.078880,(-1.7560, 1.6360, 6.6500),(0.000, 270.000, 0.000)
47597960500,47.092740,(-1.7560, 1.6360, 6.6500),(0.000, 270.000, 0.000)
47611919500,47.106690,(-1.7560, 1.6360, 6.6500),(0.000, 270.000, 0.000)
47625763700,47.120600,(-1.7560, 1.6360, 6.6500),(0.000, 270.000, 0.000)
47639553200,47.134640,(-1.7560, 1.6360, 6.6500),(0.000, 270.000, 0.000)
47653672700,47.148510,(-1.7560, 1.6360, 6.6500),(0.000, 270.000, 0.000)
47667624100,47.162350,(-1.7560, 1.6360, 6.6500),(0.000, 270.000, 0.000)
47681480300,47.176480,(-1.7560, 1.6360, 6.6500),(0.000, 270.000, 0.000)
47695441300,47.190230,(-1.7560, 1.6360, 6.6500),(0.000, 270.000, 0.000)
47709622100,47.204390,(-1.7560, 1.6360, 6.6500),(0.000, 270.000, 0.000)
47732588900,47.227350,(-1.7560, 1.6360, 6.6500),(0.000, 270.000, 0.000)
47751217500,47.246010,(-1.7560, 1.6360, 6.6500),(0.000, 270.000, 0.000)
47764910900,47.259960,(-1.7560, 1.6360, 6.6500),(0.000, 270.000, 0.000)
47778909300,47.273690,(-1.7560, 1.6360, 6.6500),(0.000, 270.000, 0.000)
47792947700,47.287690,(-1.7560, 1.6360, 6.6500),(0.000, 270.000, 0.000)
47806853700,47.301650,(-1.7560, 1.6360, 6.6500),(0.000, 270.000, 0.000)
47820714500,47.315740,(-1.7560, 1.6360, 6.6500),(0.000, 270.000, 0.000)
47834612000,47.329430,(-1.7560, 1.6360, 6.6500),(0.000, 270.000, 0.000)
47848685600,47.343470,(-1.7560, 1.6360, 6.6500),(0.000, 270.000, 0.000)
47862132100,47.357200,(-1.7560, 1.6360, 6.6500),(0.000, 270.000, 0.000)
47876404500,47.371220,(-1.7560, 1.6360, 6.6500),(0.000, 270.000, 0.000)
47890328300,47.385150,(-1.7560, 1.6360, 6.6500),(0.000, 270.000, 0.000)
47904219300,47.399300,(-1.7560, 1.6360, 6.6500),(0.000, 270.000, 0.000)
47918117200,47.412940,(-1.7560, 1.6360, 6.6500),(0.000, 270.000, 0.000)
47940791700,47.435550,(-1.7560, 1.6360, 6.6500),(0.000, 270.000, 0.000)
47960161700,47.454920,(-1.7560, 1.6360, 6.6500),(0.000, 270.000, 0.000)
47973900300,47.468700,(-1.7560, 1.6360, 6.6500),(0.000, 270.000, 0.000)
47987971900,47.482740,(-1.7560, 1.6360, 6.6500),(0.000, 270.000, 0.000)
48001427700,47.496470,(-1.7560, 1.6360, 6.6500),(0.000, 270.000, 0.000)
48015937200,47.510740,(-1.7560, 1.6360, 6.6500),(0.000, 270.000, 0.000)
48029672700,47.524450,(-1.7560, 1.6360, 6.6500),(0.000, 270.000, 0.000)
48043286500,47.538370,(-1.7560, 1.6360, 6.6500),(0.000, 270.000, 0.000)
48057549300,47.552300,(-1.7560, 1.6360, 6.6500),(0.000, 270.000, 0.000)
48071502300,47.566260,(-1.7560, 1.6360, 6.6500),(0.000, 270.000, 0.000)
48085303200,47.580070,(-1.7560, 1.6360, 6.6500),(0.000, 270.000, 0.000)
48098957900,47.594020,(-1.7560, 1.6360, 6.6500),(0.000, 270.000, 0.000)
48113418300,47.608120,(-1.7560, 1.6360, 6.6500),(0.000, 270.000, 0.000)
48127161200,47.621900,(-1.7560, 1.6360, 6.6500),(0.000, 270.000, 0.000)
48149808500,47.644450,(-1.7560, 1.6360, 6.6500),(0.000, 270.000, 0.000)
48169148100,47.663930,(-1.7560, 1.6360, 6.6500),(0.000, 270.000, 0.000)
48182510900,47.677590,(-1.7560, 1.6360, 6.6500),(0.000, 270.000, 0.000)
48196719700,47.691530,(-1.7560, 1.6360, 6.6500),(0.000, 270.000, 0.000)
48210655900,47.705450,(-1.7560, 1.6360, 6.6500),(0.000, 270.000, 0.000)
48224438900,47.719520,(-1.7560, 1.6360, 6.6500),(0.000, 270.000, 0.000)
48238534500,47.733330,(-1.7560, 1.6360, 6.6500),(0.000, 270.000, 0.000)
48252321600,47.747190,(-1.7560, 1.6360, 6.6500),(0.000, 270.000, 0.000)
48266278700,47.761090,(-1.7560, 1.6360, 6.6500),(0.000, 270.000, 0.000)
48280019300,47.775100,(-1.7560, 1.6360, 6.6500),(0.000, 270.000, 0.000)
48294247300,47.789050,(-1.7560, 1.6360, 6.6500),(0.000, 270.000, 0.000)
48307988900,47.802840,(-1.7560, 1.6360, 6.6500),(0.000, 270.000, 0.000)
48321782000,47.816830,(-1.7560, 1.6360, 6.6500),(0.000, 270.000, 0.000)
48336246500,47.830970,(-1.7560, 1.6360, 6.6500),(0.000, 270.000, 0.000)
48358412500,47.853190,(-1.7560, 1.6360, 6.6500),(0.000, 270.000, 0.000)
48366272700,47.861010,(-1.7560, 1.6360, 6.6500),(0.000, 270.000, 0.000)
48379502300,47.874550,(-1.7560, 1.6360, 6.6500),(0.000, 270.000, 0.000)
48393493700,47.888250,(-1.7560, 1.6360, 6.6500),(0.000, 270.000, 0.000)
48407092500,47.901890,(-1.7560, 1.6360, 6.6500),(0.000, 270.000, 0.000)
48420550800,47.915600,(-1.7560, 1.6360, 6.6500),(0.000, 270.000, 0.000)
48434637300,47.929390,(-1.7560, 1.6360, 6.6500),(0.000, 270.000, 0.000)
48448690800,47.943390,(-1.7560, 1.6360, 6.6500),(0.000, 270.000, 0.000)
48461942500,47.956960,(-1.7560, 1.6360, 6.6500),(0.000, 270.000, 0.000)
48475879900,47.970670,(-1.7560, 1.6360, 6.6500),(0.000, 270.000, 0.000)
48489953300,47.984710,(-1.7560, 1.6360, 6.6500),(0.000, 270.000, 0.000)
48503481900,47.998490,(-1.7560, 1.6360, 6.6500),(0.000, 270.000, 0.000)
48517831500,48.012530,(-1.7560, 1.6360, 6.6500),(0.000, 270.000, 0.000)
48531394500,48.026140,(-1.7560, 1.6360, 6.6500),(0.000, 270.000, 0.000)
48545222000,48.040050,(-1.7560, 1.6360, 6.6500),(0.000, 270.000, 0.000)
48567873100,48.062610,(-1.7560, 1.6360, 6.6500),(0.000, 270.000, 0.000)
48586937900,48.081710,(-1.7560, 1.6360, 6.6500),(0.000, 270.000, 0.000)
48600611700,48.095610,(-1.7560, 1.6360, 6.6500),(0.000, 270.000, 0.000)
48614585700,48.109440,(-1.7560, 1.6360, 6.6500),(0.000, 270.000, 0.000)
48628606500,48.123380,(-1.7560, 1.6360, 6.6500),(0.000, 270.000, 0.000)
48642301100,48.137340,(-1.7560, 1.6360, 6.6500),(0.000, 270.000, 0.000)
48656526400,48.151300,(-1.7560, 1.6360, 6.6500),(0.000, 270.000, 0.000)
48670564500,48.165340,(-1.7560, 1.6360, 6.6500),(0.000, 270.000, 0.000)
48683990400,48.179070,(-1.7560, 1.6360, 6.6500),(0.000, 270.000, 0.000)
48698159300,48.192970,(-1.7560, 1.6360, 6.6500),(0.000, 270.000, 0.000)
48712241700,48.207000,(-1.7560, 1.6360, 6.6500),(0.000, 270.000, 0.000)
48726027200,48.220760,(-1.7560, 1.6360, 6.6500),(0.000, 270.000, 0.000)
48739619700,48.234720,(-1.7560, 1.6360, 6.6500),(0.000, 270.000, 0.000)
48753848000,48.248660,(-1.7560, 1.6360, 6.6500),(0.000, 270.000, 0.000)
48776456100,48.271190,(-1.7560, 1.6360, 6.6500),(0.000, 270.000, 0.000)
48795857700,48.290630,(-1.7560, 1.6360, 6.6500),(0.000, 270.000, 0.000)
48809626500,48.304420,(-1.7560, 1.6360, 6.6500),(0.000, 270.000, 0.000)
48823415500,48.318460,(-1.7560, 1.6360, 6.6500),(0.000, 270.000, 0.000)
48837357700,48.332150,(-1.7560, 1.6360, 6.6500),(0.000, 270.000, 0.000)
48851230100,48.346010,(-1.7560, 1.6360, 6.6500),(0.000, 270.000, 0.000)
48865491700,48.360250,(-1.7560, 1.6360, 6.6500),(0.000, 270.000, 0.000)
48879122900,48.374170,(-1.7560, 1.6360, 6.6500),(0.000, 270.000, 0.000)
48892856100,48.387630,(-1.7560, 1.6360, 6.6500),(0.000, 270.000, 0.000)
48907228100,48.402020,(-1.7560, 1.6360, 6.6500),(0.000, 270.000, 0.000)
48920658500,48.415700,(-1.7560, 1.6360, 6.6500),(0.000, 270.000, 0.000)
48935162100,48.429880,(-1.7560, 1.6360, 6.6500),(0.000, 270.000, 0.000)
48948870500,48.443630,(-1.7560, 1.6360, 6.6500),(0.000, 270.000, 0.000)
48962694100,48.457660,(-1.7560, 1.6360, 6.6500),(0.000, 270.000, 0.000)
48985773200,48.480230,(-1.7560, 1.6360, 6.6500),(0.000, 270.000, 0.000)
49004495500,48.499570,(-1.7560, 1.6360, 6.6500),(0.000, 270.000, 0.000)
49018574100,48.513000,(-1.7560, 1.6360, 6.6500),(0.000, 270.000, 0.000)
49032875200,48.527590,(-1.7560, 1.6360, 6.6500),(0.000, 270.000, 0.000)
49046900900,48.541570,(-1.7560, 1.6360, 6.6500),(0.000, 270.000, 0.000)
49059599900,48.554610,(-1.7560, 1.6360, 6.6500),(0.000, 270.000, 0.000)
49074008100,48.568780,(-1.7560, 1.6360, 6.6500),(0.000, 270.000, 0.000)
49088070100,48.582830,(-1.7560, 1.6360, 6.6500),(0.000, 270.000, 0.000)
49101733600,48.596700,(-1.7560, 1.6360, 6.6500),(0.000, 270.000, 0.000)
49116147300,48.610810,(-1.7560, 1.6360, 6.6500),(0.000, 270.000, 0.000)
49130044300,48.624740,(-1.7560, 1.6360, 6.6500),(0.000, 270.000, 0.000)
49143497200,48.638530,(-1.7560, 1.6360, 6.6500),(0.000, 270.000, 0.000)
49157586500,48.652350,(-1.7560, 1.6360, 6.6500),(0.000, 270.000, 0.000)
49171791300,48.666530,(-1.7560, 1.6360, 6.6500),(0.000, 270.000, 0.000)
49194220500,48.688960,(-1.7560, 1.6360, 6.6500),(0.000, 270.000, 0.000)
49213606900,48.708340,(-1.7560, 1.6360, 6.6500),(0.000, 270.000, 0.000)
49227233200,48.722000,(-1.7560, 1.6360, 6.6500),(0.000, 270.000, 0.000)
49240931100,48.735980,(-1.7560, 1.6360, 6.6500),(0.000, 270.000, 0.000)
49255341700,48.750140,(-1.7560, 1.6360, 6.6500),(0.000, 270.000, 0.000)
49269237900,48.763940,(-1.7560, 1.6360, 6.6500),(0.000, 270.000, 0.000)
49282888800,48.777910,(-1.7560, 1.6360, 6.6500),(0.000, 270.000, 0.000)
49297119700,48.791870,(-1.7560, 1.6360, 6.6500),(0.000, 270.000, 0.000)
49310951300,48.805710,(-1.7560, 1.6360, 6.6500),(0.000, 270.000, 0.000)
49324854900,48.819900,(-1.7560, 1.6360, 6.6500),(0.000, 270.000, 0.000)
49338726500,48.833530,(-1.7560, 1.6360, 6.6500),(0.000, 270.000, 0.000)
49352658800,48.847450,(-1.7560, 1.6360, 6.6500),(0.000, 270.000, 0.000)
49367029900,48.861790,(-1.7560, 1.6360, 6.6500),(0.000, 270.000, 0.000)
49380338500,48.875430,(-1.7560, 1.6360, 6.6500),(0.000, 270.000, 0.000)
49403580300,48.898210,(-1.7560, 1.6360, 6.6500),(0.000, 270.000, 0.000)
49422822700,48.917420,(-1.7560, 1.6360, 6.6500),(0.000, 270.000, 0.000)
49436288500,48.931080,(-1.7560, 1.6360, 6.6500),(0.000, 270.000, 0.000)
49450182900,48.944930,(-1.7560, 1.6360, 6.6500),(0.000, 270.000, 0.000)
49463887100,48.958900,(-1.7560, 1.6360, 6.6500),(0.000, 270.000, 0.000)
49477988100,48.972760,(-1.7560, 1.6360, 6.6500),(0.000, 270.000, 0.000)
49491840100,48.986610,(-1.7560, 1.6360, 6.6500),(0.000, 270.000, 0.000)
49505991300,49.000710,(-1.7560, 1.6360, 6.6500),(0.000, 270.000, 0.000)
49519499300,49.014580,(-1.7560, 1.6360, 6.6500),(0.000, 270.000, 0.000)
49533755600,49.028550,(-1.7560, 1.6360, 6.6500),(0.000, 270.000, 0.000)
49547773300,49.042560,(-1.7560, 1.6360, 6.6500),(0.000, 270.000, 0.000)
49561359700,49.056370,(-1.7560, 1.6360, 6.6500),(0.000, 270.000, 0.000)
49575422100,49.070260,(-1.7560, 1.6360, 6.6500),(0.000, 270.000, 0.000)
49589723300,49.084480,(-1.7560, 1.6360, 6.6500),(0.000, 270.000, 0.000)
49612156500,49.106890,(-1.7560, 1.6360, 6.6500),(0.000, 270.000, 0.000)
49631389300,49.126160,(-1.7560, 1.6360, 6.6500),(0.000, 270.000, 0.000)
49644913500,49.139960,(-1.7560, 1.6360, 6.6500),(0.000, 270.000, 0.000)
49659022900,49.153780,(-1.7560, 1.6360, 6.6500),(0.000, 270.000, 0.000)
49673023700,49.167800,(-1.7560, 1.6360, 6.6500),(0.000, 270.000, 0.000)
49687106500,49.181830,(-1.7560, 1.6360, 6.6500),(0.000, 270.000, 0.000)
49700596500,49.195660,(-1.7560, 1.6360, 6.6500),(0.000, 270.000, 0.000)
49714980100,49.209710,(-1.7560, 1.6360, 6.6500),(0.000, 270.000, 0.000)
49728775900,49.223550,(-1.7560, 1.6360, 6.6500),(0.000, 270.000, 0.000)
49742418800,49.237430,(-1.7560, 1.6360, 6.6500),(0.000, 270.000, 0.000)
49756683700,49.251450,(-1.7560, 1.6360, 6.6500),(0.000, 270.000, 0.000)
49770708100,49.265480,(-1.7560, 1.6360, 6.6500),(0.000, 270.000, 0.000)
49784426100,49.279510,(-1.7560, 1.6360, 6.6500),(0.000, 270.000, 0.000)
49798381700,49.293120,(-1.7560, 1.6360, 6.6500),(0.000, 270.000, 0.000)
49821136000,49.315850,(-1.7560, 1.6360, 6.6500),(0.000, 270.000, 0.000)
49840190000,49.334930,(-1.7560, 1.6360, 6.6500),(0.000, 270.000, 0.000)
49853930900,49.348790,(-1.7560, 1.6360, 6.6500),(0.000, 270.000, 0.000)
49868054100,49.362830,(-1.7560, 1.6360, 6.6500),(0.000, 270.000, 0.000)
49881790000,49.376820,(-1.7560, 1.6360, 6.6500),(0.000, 270.000, 0.000)
49895910100,49.390570,(-1.7560, 1.6360, 6.6500),(0.000, 270.000, 0.000)
49909766100,49.404550,(-1.7560, 1.6360, 6.6500),(0.000, 270.000, 0.000)
49923642100,49.418690,(-1.7560, 1.6360, 6.6500),(0.000, 270.000, 0.000)
49937935200,49.432740,(-1.7560, 1.6360, 6.6500),(0.000, 270.000, 0.000)
49951697900,49.446470,(-1.7560, 1.6360, 6.6500),(0.000, 270.000, 0.000)
49965524500,49.460290,(-1.7560, 1.6360, 6.6500),(0.000, 270.000, 0.000)
49979066500,49.474120,(-1.7560, 1.6360, 6.6500),(0.000, 270.000, 0.000)
49993211700,49.487990,(-1.7560, 1.6360, 6.6500),(0.000, 270.000, 0.000)
50007434500,49.502180,(-1.7560, 1.6360, 6.6500),(0.000, 270.000, 0.000)
50030399100,49.525090,(-1.7560, 1.6360, 6.6500),(0.000, 270.000, 0.000)
50049194900,49.543980,(-1.7560, 1.6360, 6.6500),(0.000, 270.000, 0.000)
50062781500,49.557810,(-1.7560, 1.6360, 6.6500),(0.000, 270.000, 0.000)
50076880700,49.571660,(-1.7560, 1.6360, 6.6500),(0.000, 270.000, 0.000)
50091034100,49.585640,(-1.7560, 1.6360, 6.6500),(0.000, 270.000, 0.000)
50104741900,49.599810,(-1.7560, 1.6360, 6.6500),(0.000, 270.000, 0.000)
50118705700,49.613390,(-1.7560, 1.6360, 6.6500),(0.000, 270.000, 0.000)
50132593700,49.627380,(-1.7560, 1.6360, 6.6500),(0.000, 270.000, 0.000)
50146704500,49.641490,(-1.7560, 1.6360, 6.6500),(0.000, 270.000, 0.000)
50159986700,49.655080,(-1.7560, 1.6360, 6.6500),(0.000, 270.000, 0.000)
50174424500,49.669250,(-1.7560, 1.6360, 6.6500),(0.000, 270.000, 0.000)
50188531100,49.683320,(-1.7560, 1.6360, 6.6500),(0.000, 270.000, 0.000)
50202069900,49.697010,(-1.7560, 1.6360, 6.6500),(0.000, 270.000, 0.000)
50216038800,49.710830,(-1.7560, 1.6360, 6.6500),(0.000, 270.000, 0.000)
50239180900,49.733950,(-1.7560, 1.6360, 6.6500),(0.000, 270.000, 0.000)
50258334900,49.753070,(-1.7560, 1.6360, 6.6500),(0.000, 270.000, 0.000)
50271971900,49.766750,(-1.7560, 1.6360, 6.6500),(0.000, 270.000, 0.000)
50285756100,49.780590,(-1.7560, 1.6360, 6.6500),(0.000, 270.000, 0.000)
50299274300,49.794360,(-1.7560, 1.6360, 6.6500),(0.000, 270.000, 0.000)
50314128100,49.808910,(-1.7560, 1.6360, 6.6500),(0.000, 270.000, 0.000)
50327752500,49.822580,(-1.7560, 1.6360, 6.6500),(0.000, 270.000, 0.000)
50341379700,49.836400,(-1.7560, 1.6360, 6.6500),(0.000, 270.000, 0.000)
50355454500,49.850270,(-1.7560, 1.6360, 6.6500),(0.000, 270.000, 0.000)
50369556300,49.864320,(-1.7560, 1.6360, 6.6500),(0.000, 270.000, 0.000)
50383079900,49.878090,(-1.7560, 1.6360, 6.6500),(0.000, 270.000, 0.000)
50397120500,49.891930,(-1.7560, 1.6360, 6.6500),(0.000, 270.000, 0.000)
50411342000,49.906100,(-1.7560, 1.6360, 6.6500),(0.000, 270.000, 0.000)
50424904300,49.919970,(-1.7560, 1.6360, 6.6500),(0.000, 270.000, 0.000)
50448204100,49.942490,(-1.7560, 1.6360, 6.6500),(0.000, 270.000, 0.000)
50466946100,49.961680,(-1.7560, 1.6360, 6.6500),(0.000, 270.000, 0.000)
50480443900,49.975490,(-1.7560, 1.6360, 6.6500),(0.000, 270.000, 0.000)
50494676500,49.989420,(-1.7560, 1.6360, 6.6500),(0.000, 270.000, 0.000)
50508622000,50.003380,(-1.7560, 1.6360, 6.6500),(0.000, 270.000, 0.000)
50522411500,50.017440,(-1.7560, 1.6360, 6.6500),(0.000, 270.000, 0.000)
50536667600,50.031360,(-1.7560, 1.6360, 6.6500),(0.000, 270.000, 0.000)
50550622900,50.045340,(-1.7560, 1.6360, 6.6500),(0.000, 270.000, 0.000)
50564150400,50.059240,(-1.7560, 1.6360, 6.6500),(0.000, 270.000, 0.000)
50578383700,50.073140,(-1.7560, 1.6360, 6.6500),(0.000, 270.000, 0.000)
50592280300,50.087040,(-1.7560, 1.6360, 6.6500),(0.000, 270.000, 0.000)
50606249700,50.101020,(-1.7560, 1.6360, 6.6500),(0.000, 270.000, 0.000)
50619837600,50.114910,(-1.7560, 1.6360, 6.6500),(0.000, 270.000, 0.000)
50633984700,50.128790,(-1.7560, 1.6360, 6.6500),(0.000, 270.000, 0.000)
50657032000,50.151790,(-1.7560, 1.6360, 6.6500),(0.000, 270.000, 0.000)
50675870400,50.170650,(-1.7560, 1.6360, 6.6500),(0.000, 270.000, 0.000)
50689663900,50.184440,(-1.7560, 1.6360, 6.6500),(0.000, 270.000, 0.000)
50703565300,50.198650,(-1.7560, 1.6360, 6.6500),(0.000, 270.000, 0.000)
50717560500,50.212350,(-1.7560, 1.6360, 6.6500),(0.000, 270.000, 0.000)
50731615300,50.226370,(-1.7560, 1.6360, 6.6500),(0.000, 270.000, 0.000)
50745740700,50.240490,(-1.7560, 1.6360, 6.6500),(0.000, 270.000, 0.000)
50759043200,50.254090,(-1.7560, 1.6360, 6.6500),(0.000, 270.000, 0.000)
50773299900,50.268050,(-1.7560, 1.6360, 6.6500),(0.000, 270.000, 0.000)
50787196500,50.281980,(-1.7560, 1.6360, 6.6500),(0.000, 270.000, 0.000)
50800817200,50.295860,(-1.7560, 1.6360, 6.6500),(0.000, 270.000, 0.000)
50815047900,50.309780,(-1.7560, 1.6360, 6.6500),(0.000, 270.000, 0.000)
50828928500,50.323730,(-1.7560, 1.6360, 6.6500),(0.000, 270.000, 0.000)
50842733500,50.337780,(-1.7560, 1.6360, 6.6500),(0.000, 270.000, 0.000)
50865822900,50.360420,(-1.7560, 1.6360, 6.6500),(0.000, 270.000, 0.000)
50884789200,50.379790,(-1.7560, 1.6360, 6.6500),(0.000, 270.000, 0.000)
50898721600,50.393530,(-1.7560, 1.6360, 6.6500),(0.000, 270.000, 0.000)
50912789300,50.407520,(-1.7560, 1.6360, 6.6500),(0.000, 270.000, 0.000)
50926524500,50.421330,(-1.7560, 1.6360, 6.6500),(0.000, 270.000, 0.000)
50940093200,50.435140,(-1.7560, 1.6360, 6.6500),(0.000, 270.000, 0.000)
50954323100,50.449120,(-1.7560, 1.6360, 6.6500),(0.000, 270.000, 0.000)
50968260800,50.463030,(-1.7560, 1.6360, 6.6500),(0.000, 270.000, 0.000)
50981782300,50.476840,(-1.7560, 1.6360, 6.6500),(0.000, 270.000, 0.000)
50995796900,50.490640,(-1.7560, 1.6360, 6.6500),(0.000, 270.000, 0.000)
51010071200,50.504810,(-1.7560, 1.6360, 6.6500),(0.000, 270.000, 0.000)
51023970900,50.518950,(-1.7560, 1.6360, 6.6500),(0.000, 270.000, 0.000)
51037746900,50.532540,(-1.7560, 1.6360, 6.6500),(0.000, 270.000, 0.000)
51051998300,50.546790,(-1.7560, 1.6360, 6.6500),(0.000, 270.000, 0.000)
51074715200,50.569490,(-1.7560, 1.6360, 6.6500),(0.000, 270.000, 0.000)
51093687200,50.588410,(-1.7560, 1.6360, 6.6500),(0.000, 270.000, 0.000)
51107571200,50.602330,(-1.7560, 1.6360, 6.6500),(0.000, 270.000, 0.000)
51120855300,50.615960,(-1.7560, 1.6360, 6.6500),(0.000, 270.000, 0.000)
51135448500,50.629970,(-1.7560, 1.6360, 6.6500),(0.000, 270.000, 0.000)
51149445100,50.644230,(-1.7560, 1.6360, 6.6500),(0.000, 270.000, 0.000)
51162896500,50.657860,(-1.7560, 1.6360, 6.6500),(0.000, 270.000, 0.000)
51177020300,50.671800,(-1.7560, 1.6360, 6.6500),(0.000, 270.000, 0.000)
51190958300,50.685710,(-1.7560, 1.6360, 6.6500),(0.000, 270.000, 0.000)
51204847100,50.699890,(-1.7560, 1.6360, 6.6500),(0.000, 270.000, 0.000)
51218836500,50.713660,(-1.7560, 1.6360, 6.6500),(0.000, 270.000, 0.000)
51232816800,50.727610,(-1.7560, 1.6360, 6.6500),(0.000, 270.000, 0.000)
51246891300,50.741620,(-1.7560, 1.6360, 6.6500),(0.000, 270.000, 0.000)
51260431700,50.755460,(-1.7560, 1.6360, 6.6500),(0.000, 270.000, 0.000)
51283321900,50.778000,(-1.7560, 1.6360, 6.6500),(0.000, 270.000, 0.000)
51302556300,50.797300,(-1.7560, 1.6360, 6.6500),(0.000, 270.000, 0.000)
51316261200,50.811040,(-1.7560, 1.6360, 6.6500),(0.000, 270.000, 0.000)
51330257500,50.825010,(-1.7560, 1.6360, 6.6500),(0.000, 270.000, 0.000)
51343937300,50.838960,(-1.7560, 1.6360, 6.6500),(0.000, 270.000, 0.000)
51358114100,50.852830,(-1.7560, 1.6360, 6.6500),(0.000, 270.000, 0.000)
51372070500,50.866780,(-1.7560, 1.6360, 6.6500),(0.000, 270.000, 0.000)
51385994500,50.880740,(-1.7560, 1.6360, 6.6500),(0.000, 270.000, 0.000)
51399545700,50.894630,(-1.7560, 1.6360, 6.6500),(0.000, 270.000, 0.000)
51413697500,50.908480,(-1.7560, 1.6360, 6.6500),(0.000, 270.000, 0.000)
51427662900,50.922470,(-1.7560, 1.6360, 6.6500),(0.000, 270.000, 0.000)
51441767700,50.936620,(-1.7560, 1.6360, 6.6500),(0.000, 270.000, 0.000)
51455592700,50.950340,(-1.7560, 1.6360, 6.6500),(0.000, 270.000, 0.000)
51469474100,50.964270,(-1.7560, 1.6360, 6.6500),(0.000, 270.000, 0.000)
51492285300,50.987000,(-1.7560, 1.6360, 6.6500),(0.000, 270.000, 0.000)
51511298800,51.006070,(-1.7560, 1.6360, 6.6500),(0.000, 270.000, 0.000)
51525279600,51.020000,(-1.7560, 1.6360, 6.6500),(0.000, 270.000, 0.000)
51538916900,51.033890,(-1.7560, 1.6360, 6.6500),(0.000, 270.000, 0.000)
51553037200,51.047780,(-1.7560, 1.6360, 6.6500),(0.000, 270.000, 0.000)
51566864000,51.061630,(-1.7560, 1.6360, 6.6500),(0.000, 270.000, 0.000)
51580623200,51.075670,(-1.7560, 1.6360, 6.6500),(0.000, 270.000, 0.000)
51594596000,51.089380,(-1.7560, 1.6360, 6.6500),(0.000, 270.000, 0.000)
51608711500,51.103490,(-1.7560, 1.6360, 6.6500),(0.000, 270.000, 0.000)
51622369500,51.117420,(-1.7560, 1.6360, 6.6500),(0.000, 270.000, 0.000)
51636422000,51.131220,(-1.7560, 1.6360, 6.6500),(0.000, 270.000, 0.000)
51650593300,51.145340,(-1.7560, 1.6360, 6.6500),(0.000, 270.000, 0.000)
51664141700,51.159180,(-1.7560, 1.6360, 6.6500),(0.000, 270.000, 0.000)
51678010300,51.172830,(-1.7560, 1.6360, 6.6500),(0.000, 270.000, 0.000)
51701358800,51.196120,(-1.7560, 1.6360, 6.6500),(0.000, 270.000, 0.000)
51720041700,51.214770,(-1.7560, 1.6360, 6.6500),(0.000, 270.000, 0.000)
51734089300,51.228800,(-1.7560, 1.6360, 6.6500),(0.000, 270.000, 0.000)
51747957500,51.242780,(-1.7560, 1.6360, 6.6500),(0.000, 270.000, 0.000)
51761472900,51.256570,(-1.7560, 1.6360, 6.6500),(0.000, 270.000, 0.000)
51775834500,51.270570,(-1.7560, 1.6360, 6.6500),(0.000, 270.000, 0.000)
51789694900,51.284480,(-1.7560, 1.6360, 6.6500),(0.000, 270.000, 0.000)
51803518500,51.298590,(-1.7560, 1.6360, 6.6500),(0.000, 270.000, 0.000)
51817500900,51.312340,(-1.7560, 1.6360, 6.6500),(0.000, 270.000, 0.000)
51831460100,51.326240,(-1.7560, 1.6360, 6.6500),(0.000, 270.000, 0.000)
51845466500,51.340190,(-1.7560, 1.6360, 6.6500),(0.000, 270.000, 0.000)
51858762700,51.353870,(-1.7560, 1.6360, 6.6500),(0.000, 270.000, 0.000)
51873276700,51.368050,(-1.7560, 1.6360, 6.6500),(0.000, 270.000, 0.000)
51887149700,51.381930,(-1.7560, 1.6360, 6.6500),(0.000, 270.000, 0.000)
51909973900,51.404710,(-1.7560, 1.6360, 6.6500),(0.000, 270.000, 0.000)
51929050500,51.423770,(-1.7560, 1.6360, 6.6500),(0.000, 270.000, 0.000)
51942617600,51.437630,(-1.7560, 1.6360, 6.6500),(0.000, 270.000, 0.000)
51956804400,51.451570,(-1.7560, 1.6360, 6.6500),(0.000, 270.000, 0.000)
51970609600,51.465390,(-1.7560, 1.6360, 6.6500),(0.000, 270.000, 0.000)
51984364100,51.479420,(-1.7560, 1.6360, 6.6500),(0.000, 270.000, 0.000)
51998299500,51.493120,(-1.7560, 1.6360, 6.6500),(0.000, 270.000, 0.000)
52012416500,51.507170,(-1.7560, 1.6360, 6.6500),(0.000, 270.000, 0.000)
52026359700,51.521120,(-1.7560, 1.6360, 6.6500),(0.000, 270.000, 0.000)
52039981500,51.535020,(-1.7560, 1.6360, 6.6500),(0.000, 270.000, 0.000)
52054094300,51.548930,(-1.7560, 1.6360, 6.6500),(0.000, 270.000, 0.000)
52067816300,51.562620,(-1.7560, 1.6360, 6.6500),(0.000, 270.000, 0.000)
52081754100,51.576790,(-1.7560, 1.6360, 6.6500),(0.000, 270.000, 0.000)
52096114400,51.590940,(-1.7560, 1.6360, 6.6500),(0.000, 270.000, 0.000)
52118818500,51.613580,(-1.7560, 1.6360, 6.6500),(0.000, 270.000, 0.000)
52137890900,51.632620,(-1.7560, 1.6360, 6.6500),(0.000, 270.000, 0.000)
52151732500,51.646510,(-1.7560, 1.6360, 6.6500),(0.000, 270.000, 0.000)
52165895700,51.660650,(-1.7560, 1.6360, 6.6500),(0.000, 270.000, 0.000)
52179279100,51.674280,(-1.7560, 1.6360, 6.6500),(0.000, 270.000, 0.000)
52193338500,51.688110,(-1.7560, 1.6360, 6.6500),(0.000, 270.000, 0.000)
52207121500,51.701920,(-1.7560, 1.6360, 6.6500),(0.000, 270.000, 0.000)
52220889600,51.715920,(-1.7560, 1.6360, 6.6500),(0.000, 270.000, 0.000)
52235088300,51.729850,(-1.7560, 1.6360, 6.6500),(0.000, 270.000, 0.000)
52249139300,51.743890,(-1.7560, 1.6360, 6.6500),(0.000, 270.000, 0.000)
52262766300,51.757770,(-1.7560, 1.6360, 6.6500),(0.000, 270.000, 0.000)
52276913600,51.771730,(-1.7560, 1.6360, 6.6500),(0.000, 270.000, 0.000)
52290768300,51.785580,(-1.7560, 1.6360, 6.6500),(0.000, 270.000, 0.000)
52304695700,51.799740,(-1.7560, 1.6360, 6.6500),(0.000, 270.000, 0.000)
52328138700,51.822690,(-1.7560, 1.6360, 6.6500),(0.000, 270.000, 0.000)
52346648800,51.841370,(-1.7560, 1.6360, 6.6500),(0.000, 270.000, 0.000)
52359904500,51.855000,(-1.7560, 1.6360, 6.6500),(0.000, 270.000, 0.000)
52374240100,51.869030,(-1.7560, 1.6360, 6.6500),(0.000, 270.000, 0.000)
52388353700,51.883110,(-1.7560, 1.6360, 6.6500),(0.000, 270.000, 0.000)
52402030400,51.896980,(-1.7560, 1.6360, 6.6500),(0.000, 270.000, 0.000)
52416181100,51.910870,(-1.7560, 1.6360, 6.6500),(0.000, 270.000, 0.000)
52430378500,51.925100,(-1.7560, 1.6360, 6.6500),(0.000, 270.000, 0.000)
52443761300,51.938800,(-1.7560, 1.6360, 6.6500),(0.000, 270.000, 0.000)
52458112800,51.952900,(-1.7560, 1.6360, 6.6500),(0.000, 270.000, 0.000)
52471887300,51.966610,(-1.7560, 1.6360, 6.6500),(0.000, 270.000, 0.000)
52485809500,51.980570,(-1.7560, 1.6360, 6.6500),(0.000, 270.000, 0.000)
52499229700,51.994270,(-1.7560, 1.6360, 6.6500),(0.000, 270.000, 0.000)
52513692400,52.008480,(-1.7560, 1.6360, 6.6500),(0.000, 270.000, 0.000)
52536784300,52.031500,(-1.7560, 1.6360, 6.6500),(0.000, 270.000, 0.000)
52555528400,52.050220,(-1.7560, 1.6360, 6.6500),(0.000, 270.000, 0.000)
52569242100,52.063980,(-1.7560, 1.6360, 6.6500),(0.000, 270.000, 0.000)
52582958500,52.078000,(-1.7560, 1.6360, 6.6500),(0.000, 270.000, 0.000)
52597154900,52.091870,(-1.7560, 1.6360, 6.6500),(0.000, 270.000, 0.000)
52611176300,52.105910,(-1.7560, 1.6360, 6.6500),(0.000, 270.000, 0.000)
52624930000,52.119990,(-1.7560, 1.6360, 6.6500),(0.000, 270.000, 0.000)
52638939100,52.133690,(-1.7560, 1.6360, 6.6500),(0.000, 270.000, 0.000)
52652798100,52.147580,(-1.7560, 1.6360, 6.6500),(0.000, 270.000, 0.000)
52666937600,52.161700,(-1.7560, 1.6360, 6.6500),(0.000, 270.000, 0.000)
52680258100,52.175330,(-1.7560, 1.6360, 6.6500),(0.000, 270.000, 0.000)
52694808900,52.189600,(-1.7560, 1.6360, 6.6500),(0.000, 270.000, 0.000)
52708405100,52.203170,(-1.7560, 1.6360, 6.6500),(0.000, 270.000, 0.000)
52722395600,52.217450,(-1.7560, 1.6360, 6.6500),(0.000, 270.000, 0.000)
52745731200,52.240260,(-1.7560, 1.6360, 6.6500),(0.000, 270.000, 0.000)
52763985100,52.258980,(-1.7560, 1.6360, 6.6500),(0.000, 270.000, 0.000)
52778235300,52.272980,(-1.7560, 1.6360, 6.6500),(0.000, 270.000, 0.000)
52792173200,52.286940,(-1.7560, 1.6360, 6.6500),(0.000, 270.000, 0.000)
52805966000,52.300720,(-1.7560, 1.6360, 6.6500),(0.000, 270.000, 0.000)
52819512900,52.314590,(-1.7560, 1.6360, 6.6500),(0.000, 270.000, 0.000)
52833887600,52.328660,(-1.7560, 1.6360, 6.6500),(0.000, 270.000, 0.000)
52847756700,52.342510,(-1.7560, 1.6360, 6.6500),(0.000, 270.000, 0.000)
52861363300,52.356400,(-1.7560, 1.6360, 6.6500),(0.000, 270.000, 0.000)
52875547500,52.370380,(-1.7560, 1.6360, 6.6500),(0.000, 270.000, 0.000)
52889661600,52.384450,(-1.7560, 1.6360, 6.6500),(0.000, 270.000, 0.000)
52903273200,52.398270,(-1.7560, 1.6360, 6.6500),(0.000, 270.000, 0.000)
52917423600,52.412090,(-1.7560, 1.6360, 6.6500),(0.000, 270.000, 0.000)
52931234800,52.425950,(-1.7560, 1.6360, 6.6500),(0.000, 270.000, 0.000)
52954696100,52.449390,(-1.7560, 1.6360, 6.6500),(0.000, 270.000, 0.000)
52973133600,52.467860,(-1.7560, 1.6360, 6.6500),(0.000, 270.000, 0.000)
52986804500,52.481580,(-1.7560, 1.6360, 6.6500),(0.000, 270.000, 0.000)
53000598900,52.495690,(-1.7560, 1.6360, 6.6500),(0.000, 270.000, 0.000)
53014750500,52.509440,(-1.7560, 1.6360, 6.6500),(0.000, 270.000, 0.000)
53028644800,52.523360,(-1.7560, 1.6360, 6.6500),(0.000, 270.000, 0.000)
53042394400,52.537370,(-1.7560, 1.6360, 6.6500),(0.000, 270.000, 0.000)
53056632800,52.551400,(-1.7560, 1.6360, 6.6500),(0.000, 270.000, 0.000)
53070192100,52.565020,(-1.7560, 1.6360, 6.6500),(0.000, 270.000, 0.000)
53084061600,52.579070,(-1.7560, 1.6360, 6.6500),(0.000, 270.000, 0.000)
53098009200,52.592860,(-1.7560, 1.6360, 6.6500),(0.000, 270.000, 0.000)
53112504800,52.607270,(-1.7560, 1.6360, 6.6500),(0.000, 270.000, 0.000)
53126107300,52.620890,(-1.7560, 1.6360, 6.6500),(0.000, 270.000, 0.000)
53139701300,52.634760,(-1.7560, 1.6360, 6.6500),(0.000, 270.000, 0.000)
53163085500,52.657830,(-1.7560, 1.6360, 6.6500),(0.000, 270.000, 0.000)
53182057900,52.676770,(-1.7560, 1.6360, 6.6500),(0.000, 270.000, 0.000)
53195711200,52.690410,(-1.7560, 1.6360, 6.6500),(0.000, 270.000, 0.000)
53209768100,52.704560,(-1.7560, 1.6360, 6.6500),(0.000, 270.000, 0.000)
53223492800,52.718530,(-1.7560, 1.6360, 6.6500),(0.000, 270.000, 0.000)
53237473500,52.732280,(-1.7560, 1.6360, 6.6500),(0.000, 270.000, 0.000)
53251650900,52.746310,(-1.7560, 1.6360, 6.6500),(0.000, 270.000, 0.000)
53265438900,52.760190,(-1.7560, 1.6360, 6.6500),(0.000, 270.000, 0.000)
53278911500,52.773970,(-1.7560, 1.6360, 6.6500),(0.000, 270.000, 0.000)
53293382100,52.788150,(-1.7560, 1.6360, 6.6500),(0.000, 270.000, 0.000)
53306932500,52.801740,(-1.7560, 1.6360, 6.6500),(0.000, 270.000, 0.000)
53320709300,52.815790,(-1.7560, 1.6360, 6.6500),(0.000, 270.000, 0.000)
53335045600,52.829860,(-1.7560, 1.6360, 6.6500),(0.000, 270.000, 0.000)
53349096900,52.843880,(-1.7560, 1.6360, 6.6500),(0.000, 270.000, 0.000)
53372220400,52.866970,(-1.7560, 1.6360, 6.6500),(0.000, 270.000, 0.000)
53390760700,52.885510,(-1.7560, 1.6360, 6.6500),(0.000, 270.000, 0.000)
53404524300,52.899560,(-1.7560, 1.6360, 6.6500),(0.000, 270.000, 0.000)
53418531500,52.913340,(-1.7560, 1.6360, 6.6500),(0.000, 270.000, 0.000)
53432642000,52.927410,(-1.7560, 1.6360, 6.6500),(0.000, 270.000, 0.000)
53446377700,52.941190,(-1.7560, 1.6360, 6.6500),(0.000, 270.000, 0.000)
53459963600,52.955030,(-1.7560, 1.6360, 6.6500),(0.000, 270.000, 0.000)
53474103700,52.968880,(-1.7560, 1.6360, 6.6500),(0.000, 270.000, 0.000)
53488184800,52.982980,(-1.7560, 1.6360, 6.6500),(0.000, 270.000, 0.000)
53502019300,52.996980,(-1.7560, 1.6360, 6.6500),(0.000, 270.000, 0.000)
53515809100,53.010670,(-1.7560, 1.6360, 6.6500),(0.000, 270.000, 0.000)
53530024100,53.024830,(-1.7560, 1.6360, 6.6500),(0.000, 270.000, 0.000)
53543627700,53.038680,(-1.7560, 1.6360, 6.6500),(0.000, 270.000, 0.000)
53557792400,53.052590,(-1.7560, 1.6360, 6.6500),(0.000, 270.000, 0.000)
53580856100,53.075600,(-1.7560, 1.6360, 6.6500),(0.000, 270.000, 0.000)
53599644100,53.094450,(-1.7560, 1.6360, 6.6500),(0.000, 270.000, 0.000)
53613478900,53.108250,(-1.7560, 1.6360, 6.6500),(0.000, 270.000, 0.000)
53627431900,53.122210,(-1.7560, 1.6360, 6.6500),(0.000, 270.000, 0.000)
53640950400,53.135940,(-1.7560, 1.6360, 6.6500),(0.000, 270.000, 0.000)
53655060900,53.149860,(-1.7560, 1.6360, 6.6500),(0.000, 270.000, 0.000)
53669028100,53.163830,(-1.7560, 1.6360, 6.6500),(0.000, 270.000, 0.000)
53683036500,53.178060,(-1.7560, 1.6360, 6.6500),(0.000, 270.000, 0.000)
53696839500,53.191660,(-1.7560, 1.6360, 6.6500),(0.000, 270.000, 0.000)
53711033200,53.205790,(-1.7560, 1.6360, 6.6500),(0.000, 270.000, 0.000)
53724786400,53.219850,(-1.7560, 1.6360, 6.6500),(0.000, 270.000, 0.000)
53738650300,53.233440,(-1.7560, 1.6360, 6.6500),(0.000, 270.000, 0.000)
53752636900,53.247440,(-1.7560, 1.6360, 6.6500),(0.000, 270.000, 0.000)
53766455700,53.261250,(-1.7560, 1.6360, 6.6500),(0.000, 270.000, 0.000)
53789881700,53.284600,(-1.7560, 1.6360, 6.6500),(0.000, 270.000, 0.000)
53808604700,53.303340,(-1.7560, 1.6360, 6.6500),(0.000, 270.000, 0.000)
53822099700,53.317140,(-1.7560, 1.6360, 6.6500),(0.000, 270.000, 0.000)
53836287100,53.331050,(-1.7560, 1.6360, 6.6500),(0.000, 270.000, 0.000)
53850326100,53.345040,(-1.7560, 1.6360, 6.6500),(0.000, 270.000, 0.000)
53863854700,53.358860,(-1.7560, 1.6360, 6.6500),(0.000, 270.000, 0.000)
53877942700,53.372750,(-1.7560, 1.6360, 6.6500),(0.000, 270.000, 0.000)
53891668100,53.386480,(-1.7560, 1.6360, 6.6500),(0.000, 270.000, 0.000)
53905870100,53.400650,(-1.7560, 1.6360, 6.6500),(0.000, 270.000, 0.000)
53919396100,53.414490,(-1.7560, 1.6360, 6.6500),(0.000, 270.000, 0.000)
53933722300,53.428510,(-1.7560, 1.6360, 6.6500),(0.000, 270.000, 0.000)
53948304100,53.443040,(-1.7560, 1.6360, 6.6500),(0.000, 270.000, 0.000)
53961372100,53.456300,(-1.7560, 1.6360, 6.6500),(0.000, 270.000, 0.000)
53975642100,53.470310,(-1.7560, 1.6360, 6.6500),(0.000, 270.000, 0.000)
53999297600,53.494040,(-1.7560, 1.6360, 6.6500),(0.000, 270.000, 0.000)
54017372400,53.511980,(-1.7560, 1.6360, 6.6500),(0.000, 270.000, 0.000)
54031018900,53.525720,(-1.7560, 1.6360, 6.6500),(0.000, 270.000, 0.000)
54044850100,53.539910,(-1.7560, 1.6360, 6.6500),(0.000, 270.000, 0.000)
54059411300,53.554000,(-1.7560, 1.6360, 6.6500),(0.000, 270.000, 0.000)
54072945700,53.567650,(-1.7560, 1.6360, 6.6500),(0.000, 270.000, 0.000)
54087170000,53.581900,(-1.7560, 1.6360, 6.6500),(0.000, 270.000, 0.000)
54100277300,53.595250,(-1.7560, 1.6360, 6.6500),(0.000, 270.000, 0.000)
54114866500,53.609550,(-1.7560, 1.6360, 6.6500),(0.000, 270.000, 0.000)
54128942700,53.623500,(-1.7560, 1.6360, 6.6500),(0.000, 270.000, 0.000)
54142399200,53.637400,(-1.7560, 1.6360, 6.6500),(0.000, 270.000, 0.000)
54156413700,53.651170,(-1.7560, 1.6360, 6.6500),(0.000, 270.000, 0.000)
54170590400,53.665310,(-1.7560, 1.6360, 6.6500),(0.000, 270.000, 0.000)
54184044900,53.679070,(-1.7560, 1.6360, 6.6500),(0.000, 270.000, 0.000)
54207975300,53.702490,(-1.7560, 1.6360, 6.6500),(0.000, 270.000, 0.000)
54226422900,53.721030,(-1.7560, 1.6360, 6.6500),(0.000, 270.000, 0.000)
54239603300,53.734670,(-1.7560, 1.6360, 6.6500),(0.000, 270.000, 0.000)
54253912700,53.748670,(-1.7560, 1.6360, 6.6500),(0.000, 270.000, 0.000)
54267837700,53.762640,(-1.7560, 1.6360, 6.6500),(0.000, 270.000, 0.000)
54281641900,53.776640,(-1.7560, 1.6360, 6.6500),(0.000, 270.000, 0.000)
54295682900,53.790440,(-1.7560, 1.6360, 6.6500),(0.000, 270.000, 0.000)
54309741700,53.804480,(-1.7560, 1.6360, 6.6500),(0.000, 270.000, 0.000)
54323341300,53.818320,(-1.7560, 1.6360, 6.6500),(0.000, 270.000, 0.000)
54337391300,53.832160,(-1.7560, 1.6360, 6.6500),(0.000, 270.000, 0.000)
54351304900,53.846060,(-1.7560, 1.6360, 6.6500),(0.000, 270.000, 0.000)
54364933200,53.859990,(-1.7560, 1.6360, 6.6500),(0.000, 270.000, 0.000)
54379126900,53.873940,(-1.7560, 1.6360, 6.6500),(0.000, 270.000, 0.000)
54393075300,53.887890,(-1.7560, 1.6360, 6.6500),(0.000, 270.000, 0.000)
54416392000,53.911140,(-1.7560, 1.6360, 6.6500),(0.000, 270.000, 0.000)
54435091700,53.929910,(-1.7560, 1.6360, 6.6500),(0.000, 270.000, 0.000)
54448882800,53.943630,(-1.7560, 1.6360, 6.6500),(0.000, 270.000, 0.000)
54462711500,53.957520,(-1.7560, 1.6360, 6.6500),(0.000, 270.000, 0.000)
54476699700,53.971450,(-1.7560, 1.6360, 6.6500),(0.000, 270.000, 0.000)
54490695600,53.985410,(-1.7560, 1.6360, 6.6500),(0.000, 270.000, 0.000)
54504107900,53.999170,(-1.7560, 1.6360, 6.6500),(0.000, 270.000, 0.000)
54518394800,54.013210,(-1.7560, 1.6360, 6.6500),(0.000, 270.000, 0.000)
54532305700,54.027080,(-1.7560, 1.6360, 6.6500),(0.000, 270.000, 0.000)
54546198100,54.041000,(-1.7560, 1.6360, 6.6500),(0.000, 270.000, 0.000)
54559859100,54.054910,(-1.7560, 1.6360, 6.6500),(0.000, 270.000, 0.000)
54574012000,54.068810,(-1.7560, 1.6360, 6.6500),(0.000, 270.000, 0.000)
54588126800,54.082830,(-1.7560, 1.6360, 6.6500),(0.000, 270.000, 0.000)
54601625600,54.096680,(-1.7560, 1.6360, 6.6500),(0.000, 270.000, 0.000)
54625532900,54.120060,(-1.7560, 1.6360, 6.6500),(0.000, 270.000, 0.000)
54643561200,54.138600,(-1.7560, 1.6360, 6.6500),(0.000, 270.000, 0.000)
54657652400,54.152430,(-1.7560, 1.6360, 6.6500),(0.000, 270.000, 0.000)
54671484100,54.166260,(-1.7560, 1.6360, 6.6500),(0.000, 270.000, 0.000)
54685532400,54.180320,(-1.7560, 1.6360, 6.6500),(0.000, 270.000, 0.000)
54699469700,54.194370,(-1.7560, 1.6360, 6.6500),(0.000, 270.000, 0.000)
54713649600,54.208360,(-1.7560, 1.6360, 6.6500),(0.000, 270.000, 0.000)
54727634400,54.222220,(-1.7560, 1.6360, 6.6500),(0.000, 270.000, 0.000)
54740900000,54.235960,(-1.7560, 1.6360, 6.6500),(0.000, 270.000, 0.000)
54755121200,54.249840,(-1.7560, 1.6360, 6.6500),(0.000, 270.000, 0.000)
54769244100,54.263990,(-1.7560, 1.6360, 6.6500),(0.000, 270.000, 0.000)
54782892400,54.277940,(-1.7560, 1.6360, 6.6500),(0.000, 270.000, 0.000)
54797006400,54.291690,(-1.7560, 1.6360, 6.6500),(0.000, 270.000, 0.000)
54810785100,54.305540,(-1.7560, 1.6360, 6.6500),(0.000, 270.000, 0.000)
54834003500,54.328700,(-1.7560, 1.6360, 6.6500),(0.000, 270.000, 0.000)
54852720000,54.347420,(-1.7560, 1.6360, 6.6500),(0.000, 270.000, 0.000)
54866434400,54.361210,(-1.7560, 1.6360, 6.6500),(0.000, 270.000, 0.000)
54880010400,54.375030,(-1.7560, 1.6360, 6.6500),(0.000, 270.000, 0.000)
54894387100,54.389140,(-1.7560, 1.6360, 6.6500),(0.000, 270.000, 0.000)
54908263700,54.403020,(-1.7560, 1.6360, 6.6500),(0.000, 270.000, 0.000)
54921758400,54.416820,(-1.7560, 1.6360, 6.6500),(0.000, 270.000, 0.000)
54936245500,54.430930,(-1.7560, 1.6360, 6.6500),(0.000, 270.000, 0.000)
54949955600,54.444720,(-1.7560, 1.6360, 6.6500),(0.000, 270.000, 0.000)
54963662900,54.458710,(-1.7560, 1.6360, 6.6500),(0.000, 270.000, 0.000)
54977971600,54.472700,(-1.7560, 1.6360, 6.6500),(0.000, 270.000, 0.000)
54991730400,54.486480,(-1.7560, 1.6360, 6.6500),(0.000, 270.000, 0.000)
55005751900,54.500450,(-1.7560, 1.6360, 6.6500),(0.000, 270.000, 0.000)
55019561300,54.514580,(-1.7560, 1.6360, 6.6500),(0.000, 270.000, 0.000)
55042897700,54.537560,(-1.7560, 1.6360, 6.6500),(0.000, 270.000, 0.000)
55061559700,54.556250,(-1.7560, 1.6360, 6.6500),(0.000, 270.000, 0.000)
55075146500,54.569880,(-1.7560, 1.6360, 6.6500),(0.000, 270.000, 0.000)
55089277700,54.584010,(-1.7560, 1.6360, 6.6500),(0.000, 270.000, 0.000)
55102755100,54.597800,(-1.7560, 1.6360, 6.6500),(0.000, 270.000, 0.000)
55117002100,54.611750,(-1.7560, 1.6360, 6.6500),(0.000, 270.000, 0.000)
55131069700,54.625770,(-1.7560, 1.6360, 6.6500),(0.000, 270.000, 0.000)
55144905300,54.639910,(-1.7560, 1.6360, 6.6500),(0.000, 270.000, 0.000)
55158728400,54.653510,(-1.7560, 1.6360, 6.6500),(0.000, 270.000, 0.000)
55172705300,54.667440,(-1.7560, 1.6360, 6.6500),(0.000, 270.000, 0.000)
55186727300,54.681480,(-1.7560, 1.6360, 6.6500),(0.000, 270.000, 0.000)
55200188400,54.695260,(-1.7560, 1.6360, 6.6500),(0.000, 270.000, 0.000)
55214615600,54.709320,(-1.7560, 1.6360, 6.6500),(0.000, 270.000, 0.000)
55228609900,54.723320,(-1.7560, 1.6360, 6.6500),(0.000, 270.000, 0.000)
55252096300,54.746750,(-1.7560, 1.6360, 6.6500),(0.000, 270.000, 0.000)
55270296500,54.765010,(-1.7560, 1.6360, 6.6500),(0.000, 270.000, 0.000)
55283962500,54.779020,(-1.7560, 1.6360, 6.6500),(0.000, 270.000, 0.000)
55297756300,54.792550,(-1.7560, 1.6360, 6.6500),(0.000, 270.000, 0.000)
55312205700,54.806850,(-1.7560, 1.6360, 6.6500),(0.000, 270.000, 0.000)
55325883100,54.820590,(-1.7560, 1.6360, 6.6500),(0.000, 270.000, 0.000)
55339361700,54.834430,(-1.7560, 1.6360, 6.6500),(0.000, 270.000, 0.000)
55353915300,54.848620,(-1.7560, 1.6360, 6.6500),(0.000, 270.000, 0.000)
55367731300,54.862420,(-1.7560, 1.6360, 6.6500),(0.000, 270.000, 0.000)
55381045700,54.876120,(-1.7560, 1.6360, 6.6500),(0.000, 270.000, 0.000)
55395335900,54.890110,(-1.7560, 1.6360, 6.6500),(0.000, 270.000, 0.000)
55409566100,54.904300,(-1.7560, 1.6360, 6.6500),(0.000, 270.000, 0.000)
55422885600,54.917950,(-1.7560, 1.6360, 6.6500),(0.000, 270.000, 0.000)
55437225900,54.931990,(-1.7560, 1.6360, 6.6500),(0.000, 270.000, 0.000)
55460750100,54.955430,(-1.7560, 1.6360, 6.6500),(0.000, 270.000, 0.000)
55479286900,54.974040,(-1.7560, 1.6360, 6.6500),(0.000, 270.000, 0.000)
55492970700,54.987670,(-1.7560, 1.6360, 6.6500),(0.000, 270.000, 0.000)
55506764300,55.001480,(-1.7560, 1.6360, 6.6500),(0.000, 270.000, 0.000)
55520335100,55.015380,(-1.7560, 1.6360, 6.6500),(0.000, 270.000, 0.000)
55534552100,55.029290,(-1.7560, 1.6360, 6.6500),(0.000, 270.000, 0.000)
55548563700,55.043270,(-1.7560, 1.6360, 6.6500),(0.000, 270.000, 0.000)
55562291300,55.057330,(-1.7560, 1.6360, 6.6500),(0.000, 270.000, 0.000)
55576310900,55.071130,(-1.7560, 1.6360, 6.6500),(0.000, 270.000, 0.000)
55590274100,55.085030,(-1.7560, 1.6360, 6.6500),(0.000, 270.000, 0.000)
55603955700,55.099020,(-1.7560, 1.6360, 6.6500),(0.000, 270.000, 0.000)
55618230500,55.112930,(-1.7560, 1.6360, 6.6500),(0.000, 270.000, 0.000)
55632076100,55.126830,(-1.7560, 1.6360, 6.6500),(0.000, 270.000, 0.000)
55646121200,55.140840,(-1.7560, 1.6360, 6.6500),(0.000, 270.000, 0.000)
55669981500,55.164670,(-1.7560, 1.6360, 6.6500),(0.000, 270.000, 0.000)
55688098000,55.182740,(-1.7560, 1.6360, 6.6500),(0.000, 270.000, 0.000)
55701831300,55.196690,(-1.7560, 1.6360, 6.6500),(0.000, 270.000, 0.000)
55716303700,55.210750,(-1.7560, 1.6360, 6.6500),(0.000, 270.000, 0.000)
55729720900,55.224230,(-1.7560, 1.6360, 6.6500),(0.000, 270.000, 0.000)
55743422900,55.238370,(-1.7560, 1.6360, 6.6500),(0.000, 270.000, 0.000)
55757372500,55.251980,(-1.7560, 1.6360, 6.6500),(0.000, 270.000, 0.000)
55771645700,55.266220,(-1.7560, 1.6360, 6.6500),(0.000, 270.000, 0.000)
55785526300,55.280090,(-1.7560, 1.6360, 6.6500),(0.000, 270.000, 0.000)
55799232000,55.294110,(-1.7560, 1.6360, 6.6500),(0.000, 270.000, 0.000)
55813251900,55.307810,(-1.7560, 1.6360, 6.6500),(0.000, 270.000, 0.000)
55827307900,55.321820,(-1.7560, 1.6360, 6.6500),(0.000, 270.000, 0.000)
55840670400,55.335620,(-1.7560, 1.6360, 6.6500),(0.000, 270.000, 0.000)
55854943300,55.349580,(-1.7560, 1.6360, 6.6500),(0.000, 270.000, 0.000)
55878782300,55.373340,(-1.7560, 1.6360, 6.6500),(0.000, 270.000, 0.000)
55897131200,55.391580,(-1.7560, 1.6360, 6.6500),(0.000, 270.000, 0.000)
55910771100,55.405370,(-1.7560, 1.6360, 6.6500),(0.000, 270.000, 0.000)
55924456700,55.419350,(-1.7560, 1.6360, 6.6500),(0.000, 270.000, 0.000)
55938738400,55.433190,(-1.7560, 1.6360, 6.6500),(0.000, 270.000, 0.000)
55952413700,55.447010,(-1.7560, 1.6360, 6.6500),(0.000, 270.000, 0.000)
55966550900,55.461150,(-1.7560, 1.6360, 6.6500),(0.000, 270.000, 0.000)
55979923700,55.474780,(-1.7560, 1.6360, 6.6500),(0.000, 270.000, 0.000)
55994228500,55.488780,(-1.7560, 1.6360, 6.6500),(0.000, 270.000, 0.000)
56008442300,55.502900,(-1.7560, 1.6360, 6.6500),(0.000, 270.000, 0.000)
56021872400,55.516780,(-1.7560, 1.6360, 6.6500),(0.000, 270.000, 0.000)
56035990000,55.530590,(-1.7560, 1.6360, 6.6500),(0.000, 270.000, 0.000)
56049968500,55.544570,(-1.7560, 1.6360, 6.6500),(0.000, 270.000, 0.000)
56063640500,55.558560,(-1.7560, 1.6360, 6.6500),(0.000, 270.000, 0.000)
56087764300,55.582110,(-1.7560, 1.6360, 6.6500),(0.000, 270.000, 0.000)
56105931300,55.600480,(-1.7560, 1.6360, 6.6500),(0.000, 270.000, 0.000)
56119275100,55.614160,(-1.7560, 1.6360, 6.6500),(0.000, 270.000, 0.000)
56133339500,55.627960,(-1.7560, 1.6360, 6.6500),(0.000, 270.000, 0.000)
56147595600,55.642170,(-1.7560, 1.6360, 6.6500),(0.000, 270.000, 0.000)
56160918500,55.655860,(-1.7560, 1.6360, 6.6500),(0.000, 270.000, 0.000)
56175007100,55.669690,(-1.7560, 1.6360, 6.6500),(0.000, 270.000, 0.000)
56189256000,55.683850,(-1.7560, 1.6360, 6.6500),(0.000, 270.000, 0.000)
56202647700,55.697570,(-1.7560, 1.6360, 6.6500),(0.000, 270.000, 0.000)
56217110500,55.711680,(-1.7560, 1.6360, 6.6500),(0.000, 270.000, 0.000)
56231185300,55.725730,(-1.7560, 1.6360, 6.6500),(0.000, 270.000, 0.000)
56244577600,55.739520,(-1.7560, 1.6360, 6.6500),(0.000, 270.000, 0.000)
56258949100,55.753440,(-1.7560, 1.6360, 6.6500),(0.000, 270.000, 0.000)
56272928000,55.767460,(-1.7560, 1.6360, 6.6500),(0.000, 270.000, 0.000)
56296580100,55.791110,(-1.7560, 1.6360, 6.6500),(0.000, 270.000, 0.000)
56314781300,55.809350,(-1.7560, 1.6360, 6.6500),(0.000, 270.000, 0.000)
56328614100,55.823170,(-1.7560, 1.6360, 6.6500),(0.000, 270.000, 0.000)
56341925100,55.836850,(-1.7560, 1.6360, 6.6500),(0.000, 270.000, 0.000)
56356004100,55.850620,(-1.7560, 1.6360, 6.6500),(0.000, 270.000, 0.000)
56370354700,55.864890,(-1.7560, 1.6360, 6.6500),(0.000, 270.000, 0.000)
56383859500,55.878780,(-1.7560, 1.6360, 6.6500),(0.000, 270.000, 0.000)
56397946100,55.892530,(-1.7560, 1.6360, 6.6500),(0.000, 270.000, 0.000)
56412036300,55.906560,(-1.7560, 1.6360, 6.6500),(0.000, 270.000, 0.000)
56426414900,55.920950,(-1.7560, 1.6360, 6.6500),(0.000, 270.000, 0.000)
56439488500,55.934420,(-1.7560, 1.6360, 6.6500),(0.000, 270.000, 0.000)
56453676100,55.948200,(-1.7560, 1.6360, 6.6500),(0.000, 270.000, 0.000)
56467718100,55.962290,(-1.7560, 1.6360, 6.6500),(0.000, 270.000, 0.000)
56481264300,55.976170,(-1.7560, 1.6360, 6.6500),(0.000, 270.000, 0.000)
56505216100,55.999790,(-1.7560, 1.6360, 6.6500),(0.000, 270.000, 0.000)
56523632900,56.018210,(-1.7560, 1.6360, 6.6500),(0.000, 270.000, 0.000)
56537145500,56.031720,(-1.7560, 1.6360, 6.6500),(0.000, 270.000, 0.000)
56551248700,56.045770,(-1.7560, 1.6360, 6.6500),(0.000, 270.000, 0.000)
56565004300,56.059910,(-1.7560, 1.6360, 6.6500),(0.000, 270.000, 0.000)
56578840400,56.073380,(-1.7560, 1.6360, 6.6500),(0.000, 270.000, 0.000)
56592976700,56.087540,(-1.7560, 1.6360, 6.6500),(0.000, 270.000, 0.000)
56606882100,56.101350,(-1.7560, 1.6360, 6.6500),(0.000, 270.000, 0.000)
56620074800,56.115100,(-1.7560, 1.6360, 6.6500),(0.000, 270.000, 0.000)
56634705500,56.129280,(-1.7560, 1.6360, 6.6500),(0.000, 270.000, 0.000)
56648663700,56.143210,(-1.7560, 1.6360, 6.6500),(0.000, 270.000, 0.000)
56662369100,56.157280,(-1.7560, 1.6360, 6.6500),(0.000, 270.000, 0.000)
56676381500,56.171040,(-1.7560, 1.6360, 6.6500),(0.000, 270.000, 0.000)
56690534000,56.185110,(-1.7560, 1.6360, 6.6500),(0.000, 270.000, 0.000)
56714212100,56.208770,(-1.7560, 1.6360, 6.6500),(0.000, 270.000, 0.000)
56732293900,56.226840,(-1.7560, 1.6360, 6.6500),(0.000, 270.000, 0.000)
56746080700,56.240610,(-1.7560, 1.6360, 6.6500),(0.000, 270.000, 0.000)
56759466300,56.254400,(-1.7560, 1.6360, 6.6500),(0.000, 270.000, 0.000)
56774010100,56.268580,(-1.7560, 1.6360, 6.6500),(0.000, 270.000, 0.000)
56788066500,56.282550,(-1.7560, 1.6360, 6.6500),(0.000, 270.000, 0.000)
56801301600,56.296230,(-1.7560, 1.6360, 6.6500),(0.000, 270.000, 0.000)
56815605500,56.310200,(-1.7560, 1.6360, 6.6500),(0.000, 270.000, 0.000)
56829889900,56.324330,(-1.7560, 1.6360, 6.6500),(0.000, 270.000, 0.000)
56843421600,56.338310,(-1.7560, 1.6360, 6.6500),(0.000, 270.000, 0.000)
56857440100,56.352040,(-1.7560, 1.6360, 6.6500),(0.000, 270.000, 0.000)
56871396000,56.365970,(-1.7560, 1.6360, 6.6500),(0.000, 270.000, 0.000)
56885089700,56.379990,(-1.7560, 1.6360, 6.6500),(0.000, 270.000, 0.000)
56899180100,56.393750,(-1.7560, 1.6360, 6.6500),(0.000, 270.000, 0.000)
56923054100,56.417560,(-1.7560, 1.6360, 6.6500),(0.000, 270.000, 0.000)
56940860800,56.435500,(-1.7560, 1.6360, 6.6500),(0.000, 270.000, 0.000)
56954711700,56.449340,(-1.7560, 1.6360, 6.6500),(0.000, 270.000, 0.000)
56968866900,56.463450,(-1.7560, 1.6360, 6.6500),(0.000, 270.000, 0.000)
56982312800,56.477180,(-1.7560, 1.6360, 6.6500),(0.000, 270.000, 0.000)
56996668400,56.491230,(-1.7560, 1.6360, 6.6500),(0.000, 270.000, 0.000)
57010578700,56.505200,(-1.7560, 1.6360, 6.6500),(0.000, 270.000, 0.000)
57024489100,56.519380,(-1.7560, 1.6360, 6.6500),(0.000, 270.000, 0.000)
57038426800,56.533050,(-1.7560, 1.6360, 6.6500),(0.000, 270.000, 0.000)
57052513100,56.547070,(-1.7560, 1.6360, 6.6500),(0.000, 270.000, 0.000)
57066546500,56.561040,(-1.7560, 1.6360, 6.6500),(0.000, 270.000, 0.000)
57079759900,56.574730,(-1.7560, 1.6360, 6.6500),(0.000, 270.000, 0.000)
57094183300,56.588720,(-1.7560, 1.6360, 6.6500),(0.000, 270.000, 0.000)
57108298000,56.602840,(-1.7560, 1.6360, 6.6500),(0.000, 270.000, 0.000)
57132149700,56.626700,(-1.7560, 1.6360, 6.6500),(0.000, 270.000, 0.000)
57150126500,56.644600,(-1.7560, 1.6360, 6.6500),(0.000, 270.000, 0.000)
57163366900,56.658270,(-1.7560, 1.6360, 6.6500),(0.000, 270.000, 0.000)
57177578100,56.672170,(-1.7560, 1.6360, 6.6500),(0.000, 270.000, 0.000)
57191662300,56.686260,(-1.7560, 1.6360, 6.6500),(0.000, 270.000, 0.000)
57205576000,56.700200,(-1.7560, 1.6360, 6.6500),(0.000, 270.000, 0.000)
57219300900,56.714150,(-1.7560, 1.6360, 6.6500),(0.000, 270.000, 0.000)
57233462000,56.727950,(-1.7560, 1.6360, 6.6500),(0.000, 270.000, 0.000)
57247421100,56.742020,(-1.7560, 1.6360, 6.6500),(0.000, 270.000, 0.000)
57260845500,56.755770,(-1.7560, 1.6360, 6.6500),(0.000, 270.000, 0.000)
57275220100,56.769810,(-1.7560, 1.6360, 6.6500),(0.000, 270.000, 0.000)
57289452700,56.783930,(-1.7560, 1.6360, 6.6500),(0.000, 270.000, 0.000)
57302795300,56.797680,(-1.7560, 1.6360, 6.6500),(0.000, 270.000, 0.000)
57316919200,56.811530,(-1.7560, 1.6360, 6.6500),(0.000, 270.000, 0.000)
57340744900,56.835360,(-1.7560, 1.6360, 6.6500),(0.000, 270.000, 0.000)
57358825700,56.853390,(-1.7560, 1.6360, 6.6500),(0.000, 270.000, 0.000)
57372742100,56.867340,(-1.7560, 1.6360, 6.6500),(0.000, 270.000, 0.000)
57386557100,56.881120,(-1.7560, 1.6360, 6.6500),(0.000, 270.000, 0.000)
57400148900,56.895050,(-1.7560, 1.6360, 6.6500),(0.000, 270.000, 0.000)
57414181300,56.908780,(-1.7560, 1.6360, 6.6500),(0.000, 270.000, 0.000)
57428410000,56.922930,(-1.7560, 1.6360, 6.6500),(0.000, 270.000, 0.000)
57442076100,56.936930,(-1.7560, 1.6360, 6.6500),(0.000, 270.000, 0.000)
57455928800,56.950540,(-1.7560, 1.6360, 6.6500),(0.000, 270.000, 0.000)
57470246800,56.964880,(-1.7560, 1.6360, 6.6500),(0.000, 270.000, 0.000)
57483760800,56.978640,(-1.7560, 1.6360, 6.6500),(0.000, 270.000, 0.000)
57498236800,56.992730,(-1.7560, 1.6360, 6.6500),(0.000, 270.000, 0.000)
57511905200,57.006470,(-1.7560, 1.6360, 6.6500),(0.000, 270.000, 0.000)
57525975300,57.020440,(-1.7560, 1.6360, 6.6500),(0.000, 270.000, 0.000)
57550130700,57.044570,(-1.7560, 1.6360, 6.6500),(0.000, 270.000, 0.000)
57567873300,57.062360,(-1.7560, 1.6360, 6.6500),(0.000, 270.000, 0.000)
57580930000,57.075840,(-1.7560, 1.6360, 6.6500),(0.000, 270.000, 0.000)
57595356300,57.089940,(-1.7560, 1.6360, 6.6500),(0.000, 270.000, 0.000)
57609148900,57.103730,(-1.7560, 1.6360, 6.6500),(0.000, 270.000, 0.000)
57622869700,57.117760,(-1.7560, 1.6360, 6.6500),(0.000, 270.000, 0.000)
57637018500,57.131590,(-1.7560, 1.6360, 6.6500),(0.000, 270.000, 0.000)
57651171100,57.145630,(-1.7560, 1.6360, 6.6500),(0.000, 270.000, 0.000)
57664765200,57.159680,(-1.7560, 1.6360, 6.6500),(0.000, 270.000, 0.000)
57678983100,57.173560,(-1.7560, 1.6360, 6.6500),(0.000, 270.000, 0.000)
57692701600,57.187260,(-1.7560, 1.6360, 6.6500),(0.000, 270.000, 0.000)
57707142500,57.201670,(-1.7560, 1.6360, 6.6500),(0.000, 270.000, 0.000)
57719969700,57.214970,(-1.7560, 1.6360, 6.6500),(0.000, 270.000, 0.000)
57734580300,57.229160,(-1.7560, 1.6360, 6.6500),(0.000, 270.000, 0.000)
57758880300,57.253420,(-1.7560, 1.6360, 6.6500),(0.000, 270.000, 0.000)
57776348500,57.270940,(-1.7560, 1.6360, 6.6500),(0.000, 270.000, 0.000)
57790341200,57.284920,(-1.7560, 1.6360, 6.6500),(0.000, 270.000, 0.000)
57803908900,57.298810,(-1.7560, 1.6360, 6.6500),(0.000, 270.000, 0.000)
57818092100,57.312620,(-1.7560, 1.6360, 6.6500),(0.000, 270.000, 0.000)
57832215100,57.326760,(-1.7560, 1.6360, 6.6500),(0.000, 270.000, 0.000)
57846042900,57.340600,(-1.7560, 1.6360, 6.6500),(0.000, 270.000, 0.000)
57859310700,57.354320,(-1.7560, 1.6360, 6.6500),(0.000, 270.000, 0.000)
57874372800,57.368860,(-1.7560, 1.6360, 6.6500),(0.000, 270.000, 0.000)
57887850400,57.382440,(-1.7560, 1.6360, 6.6500),(0.000, 270.000, 0.000)
57901421200,57.396310,(-1.7560, 1.6360, 6.6500),(0.000, 270.000, 0.000)
57915630800,57.410180,(-1.7560, 1.6360, 6.6500),(0.000, 270.000, 0.000)
57929460300,57.424040,(-1.7560, 1.6360, 6.6500),(0.000, 270.000, 0.000)
57942869900,57.437850,(-1.7560, 1.6360, 6.6500),(0.000, 270.000, 0.000)
57968666700,57.462970,(-1.7560, 1.6360, 6.6500),(0.000, 270.000, 0.000)
57985058300,57.479940,(-1.7560, 1.6360, 6.6500),(0.000, 270.000, 0.000)
57999097200,57.493700,(-1.7560, 1.6360, 6.6500),(0.000, 270.000, 0.000)
58013021300,57.507600,(-1.7560, 1.6360, 6.6500),(0.000, 270.000, 0.000)
58026980100,57.521570,(-1.7560, 1.6360, 6.6500),(0.000, 270.000, 0.000)
58040643700,57.535550,(-1.7560, 1.6360, 6.6500),(0.000, 270.000, 0.000)
58054987500,57.549550,(-1.7560, 1.6360, 6.6500),(0.000, 270.000, 0.000)
58068857900,57.563360,(-1.7560, 1.6360, 6.6500),(0.000, 270.000, 0.000)
58082518100,57.577410,(-1.7560, 1.6360, 6.6500),(0.000, 270.000, 0.000)
58096601100,57.591200,(-1.7560, 1.6360, 6.6500),(0.000, 270.000, 0.000)
58110358000,57.604990,(-1.7560, 1.6360, 6.6500),(0.000, 270.000, 0.000)
58124298100,57.619150,(-1.7560, 1.6360, 6.6500),(0.000, 270.000, 0.000)
58138279300,57.632830,(-1.7560, 1.6360, 6.6500),(0.000, 270.000, 0.000)
58152205300,57.646760,(-1.7560, 1.6360, 6.6500),(0.000, 270.000, 0.000)
58176386700,57.670970,(-1.7560, 1.6360, 6.6500),(0.000, 270.000, 0.000)
58194156800,57.688740,(-1.7560, 1.6360, 6.6500),(0.000, 270.000, 0.000)
58207748400,57.702380,(-1.7560, 1.6360, 6.6500),(0.000, 270.000, 0.000)
58221575600,57.716470,(-1.7560, 1.6360, 6.6500),(0.000, 270.000, 0.000)
58235438500,57.730120,(-1.7560, 1.6360, 6.6500),(0.000, 270.000, 0.000)
58249556800,57.744160,(-1.7560, 1.6360, 6.6500),(0.000, 270.000, 0.000)
58263056900,57.758020,(-1.7560, 1.6360, 6.6500),(0.000, 270.000, 0.000)
58277493700,57.772120,(-1.7560, 1.6360, 6.6500),(0.000, 270.000, 0.000)
58291357900,57.785970,(-1.7560, 1.6360, 6.6500),(0.000, 270.000, 0.000)
58305537300,57.800110,(-1.7560, 1.6360, 6.6500),(0.000, 270.000, 0.000)
58318988400,57.813910,(-1.7560, 1.6360, 6.6500),(0.000, 270.000, 0.000)
58333398100,57.827960,(-1.7560, 1.6360, 6.6500),(0.000, 270.000, 0.000)
58347244900,57.841850,(-1.7560, 1.6360, 6.6500),(0.000, 270.000, 0.000)
58360816500,57.855710,(-1.7560, 1.6360, 6.6500),(0.000, 270.000, 0.000)
58385251200,57.879750,(-1.7560, 1.6360, 6.6500),(0.000, 270.000, 0.000)
58403106100,57.897600,(-1.7560, 1.6360, 6.6500),(0.000, 270.000, 0.000)
58417087500,57.911520,(-1.7560, 1.6360, 6.6500),(0.000, 270.000, 0.000)
58430836700,57.925360,(-1.7560, 1.6360, 6.6500),(0.000, 270.000, 0.000)
58444558400,57.939420,(-1.7560, 1.6360, 6.6500),(0.000, 270.000, 0.000)
58458705300,57.953270,(-1.7560, 1.6360, 6.6500),(0.000, 270.000, 0.000)
58472740800,57.967320,(-1.7560, 1.6360, 6.6500),(0.000, 270.000, 0.000)
58486516000,57.981030,(-1.7560, 1.6360, 6.6500),(0.000, 270.000, 0.000)
58499824500,57.994760,(-1.7560, 1.6360, 6.6500),(0.000, 270.000, 0.000)
58514536000,58.008970,(-1.7560, 1.6360, 6.6500),(0.000, 270.000, 0.000)
58528425700,58.022930,(-1.7560, 1.6360, 6.6500),(0.000, 270.000, 0.000)
58541799700,58.036710,(-1.7560, 1.6360, 6.6500),(0.000, 270.000, 0.000)
58556137100,58.050670,(-1.7560, 1.6360, 6.6500),(0.000, 270.000, 0.000)
58570048400,58.064580,(-1.7560, 1.6360, 6.6500),(0.000, 270.000, 0.000)
58594350900,58.088860,(-1.7560, 1.6360, 6.6500),(0.000, 270.000, 0.000)
58611999700,58.106540,(-1.7560, 1.6360, 6.6500),(0.000, 270.000, 0.000)
58625948500,58.120500,(-1.7560, 1.6360, 6.6500),(0.000, 270.000, 0.000)
58639245700,58.134190,(-1.7560, 1.6360, 6.6500),(0.000, 270.000, 0.000)
58653761100,58.148300,(-1.7560, 1.6360, 6.6500),(0.000, 270.000, 0.000)
58667446400,58.162000,(-1.7560, 1.6360, 6.6500),(0.000, 270.000, 0.000)
58681096400,58.175850,(-1.7560, 1.6360, 6.6500),(0.000, 270.000, 0.000)
58695544100,58.190060,(-1.7560, 1.6360, 6.6500),(0.000, 270.000, 0.000)
58709624000,58.204080,(-1.7560, 1.6360, 6.6500),(0.000, 270.000, 0.000)
58723009200,58.217870,(-1.7560, 1.6360, 6.6500),(0.000, 270.000, 0.000)
58737148500,58.231590,(-1.7560, 1.6360, 6.6500),(0.000, 270.000, 0.000)
58751152100,58.245750,(-1.7560, 1.6360, 6.6500),(0.000, 270.000, 0.000)
58764672500,58.259610,(-1.7560, 1.6360, 6.6500),(0.000, 270.000, 0.000)
58778823900,58.273370,(-1.7560, 1.6360, 6.6500),(0.000, 270.000, 0.000)
58803005300,58.297560,(-1.7560, 1.6360, 6.6500),(0.000, 270.000, 0.000)
58820831100,58.315350,(-1.7560, 1.6360, 6.6500),(0.000, 270.000, 0.000)
58834595700,58.329230,(-1.7560, 1.6360, 6.6500),(0.000, 270.000, 0.000)
58848232700,58.342880,(-1.7560, 1.6360, 6.6500),(0.000, 270.000, 0.000)
58862128700,58.357080,(-1.7560, 1.6360, 6.6500),(0.000, 270.000, 0.000)
58876058700,58.370720,(-1.7560, 1.6360, 6.6500),(0.000, 270.000, 0.000)
58890518100,58.385060,(-1.7560, 1.6360, 6.6500),(0.000, 270.000, 0.000)
58904050500,58.398960,(-1.7560, 1.6360, 6.6500),(0.000, 270.000, 0.000)
58918071700,58.412590,(-1.7560, 1.6360, 6.6500),(0.000, 270.000, 0.000)
58932574900,58.427080,(-1.7560, 1.6360, 6.6500),(0.000, 270.000, 0.000)
58947079300,58.441460,(-1.7560, 1.6360, 6.6500),(0.000, 270.000, 0.000)
58959778700,58.454560,(-1.7560, 1.6360, 6.6500),(0.000, 270.000, 0.000)
58974034700,58.468570,(-1.7560, 1.6360, 6.6500),(0.000, 270.000, 0.000)
58987847700,58.482310,(-1.7560, 1.6360, 6.6500),(0.000, 270.000, 0.000)
59012192000,58.506680,(-1.7560, 1.6360, 6.6500),(0.000, 270.000, 0.000)
59029686700,58.524210,(-1.7560, 1.6360, 6.6500),(0.000, 270.000, 0.000)
59043537100,58.538290,(-1.7560, 1.6360, 6.6500),(0.000, 270.000, 0.000)
59057261600,58.551870,(-1.7560, 1.6360, 6.6500),(0.000, 270.000, 0.000)
59071633100,58.566140,(-1.7560, 1.6360, 6.6500),(0.000, 270.000, 0.000)
59084808000,58.579770,(-1.7560, 1.6360, 6.6500),(0.000, 270.000, 0.000)
59099234900,58.593740,(-1.7560, 1.6360, 6.6500),(0.000, 270.000, 0.000)
59113061700,58.607600,(-1.7560, 1.6360, 6.6500),(0.000, 270.000, 0.000)
59127109500,58.621650,(-1.7560, 1.6360, 6.6500),(0.000, 270.000, 0.000)
59140589500,58.635540,(-1.7560, 1.6360, 6.6500),(0.000, 270.000, 0.000)
59154600300,58.649190,(-1.7560, 1.6360, 6.6500),(0.000, 270.000, 0.000)
59168864500,58.663390,(-1.7560, 1.6360, 6.6500),(0.000, 270.000, 0.000)
59182355900,58.677230,(-1.7560, 1.6360, 6.6500),(0.000, 270.000, 0.000)
59196550500,58.691190,(-1.7560, 1.6360, 6.6500),(0.000, 270.000, 0.000)
59220963100,58.715510,(-1.7560, 1.6360, 6.6500),(0.000, 270.000, 0.000)
59238756300,58.733300,(-1.7560, 1.6360, 6.6500),(0.000, 270.000, 0.000)
59252499200,58.747060,(-1.7560, 1.6360, 6.6500),(0.000, 270.000, 0.000)
59266097200,58.760710,(-1.7560, 1.6360, 6.6500),(0.000, 270.000, 0.000)
59279736100,58.774670,(-1.7560, 1.6360, 6.6500),(0.000, 270.000, 0.000)
59294089200,58.788580,(-1.7560, 1.6360, 6.6500),(0.000, 270.000, 0.000)
59307882500,58.802470,(-1.7560, 1.6360, 6.6500),(0.000, 270.000, 0.000)
59321471700,58.816410,(-1.7560, 1.6360, 6.6500),(0.000, 270.000, 0.000)
59335680000,58.830320,(-1.7560, 1.6360, 6.6500),(0.000, 270.000, 0.000)
59349778500,58.844350,(-1.7560, 1.6360, 6.6500),(0.000, 270.000, 0.000)
59363398100,58.858320,(-1.7560, 1.6360, 6.6500),(0.000, 270.000, 0.000)
59377443900,58.872050,(-1.7560, 1.6360, 6.6500),(0.000, 270.000, 0.000)
59391798400,58.886360,(-1.7560, 1.6360, 6.6500),(0.000, 270.000, 0.000)
59405509100,58.900120,(-1.7560, 1.6360, 6.6500),(0.000, 270.000, 0.000)
59429960100,58.924500,(-1.7560, 1.6360, 6.6500),(0.000, 270.000, 0.000)
59447487900,58.942050,(-1.7560, 1.6360, 6.6500),(0.000, 270.000, 0.000)
59460794000,58.955750,(-1.7560, 1.6360, 6.6500),(0.000, 270.000, 0.000)
59475163700,58.969780,(-1.7560, 1.6360, 6.6500),(0.000, 270.000, 0.000)
59489108000,58.983680,(-1.7560, 1.6360, 6.6500),(0.000, 270.000, 0.000)
59502726100,58.997590,(-1.7560, 1.6360, 6.6500),(0.000, 270.000, 0.000)
59516992400,59.011570,(-1.7560, 1.6360, 6.6500),(0.000, 270.000, 0.000)
59530844900,59.025370,(-1.7560, 1.6360, 6.6500),(0.000, 270.000, 0.000)
59544462500,59.039340,(-1.7560, 1.6360, 6.6500),(0.000, 270.000, 0.000)
59558437200,59.053110,(-1.7560, 1.6360, 6.6500),(0.000, 270.000, 0.000)
59572531900,59.067140,(-1.7560, 1.6360, 6.6500),(0.000, 270.000, 0.000)
59586638100,59.081200,(-1.7560, 1.6360, 6.6500),(0.000, 270.000, 0.000)
59600019700,59.094940,(-1.7560, 1.6360, 6.6500),(0.000, 270.000, 0.000)
59614523600,59.109050,(-1.7560, 1.6360, 6.6500),(0.000, 270.000, 0.000)
59638724900,59.133200,(-1.7560, 1.6360, 6.6500),(0.000, 270.000, 0.000)
59656335700,59.150840,(-1.7560, 1.6360, 6.6500),(0.000, 270.000, 0.000)
59670157900,59.164680,(-1.7560, 1.6360, 6.6500),(0.000, 270.000, 0.000)
59683501500,59.178420,(-1.7560, 1.6360, 6.6500),(0.000, 270.000, 0.000)
59697662000,59.192280,(-1.7560, 1.6360, 6.6500),(0.000, 270.000, 0.000)
59711542700,59.206180,(-1.7560, 1.6360, 6.6500),(0.000, 270.000, 0.000)
59725986400,59.220520,(-1.7560, 1.6360, 6.6500),(0.000, 270.000, 0.000)
59739379500,59.234270,(-1.7560, 1.6360, 6.6500),(0.000, 270.000, 0.000)
59753653100,59.248260,(-1.7560, 1.6360, 6.6500),(0.000, 270.000, 0.000)
59767387700,59.261980,(-1.7560, 1.6360, 6.6500),(0.000, 270.000, 0.000)
59781224300,59.276100,(-1.7560, 1.6360, 6.6500),(0.000, 270.000, 0.000)
59795342500,59.289960,(-1.7560, 1.6360, 6.6500),(0.000, 270.000, 0.000)
59809324700,59.303890,(-1.7560, 1.6360, 6.6500),(0.000, 270.000, 0.000)
59822944000,59.317860,(-1.7560, 1.6360, 6.6500),(0.000, 270.000, 0.000)
59848323700,59.342690,(-1.7560, 1.6360, 6.6500),(0.000, 270.000, 0.000)
59864549700,59.359500,(-1.7560, 1.6360, 6.6500),(0.000, 270.000, 0.000)
59878515700,59.373130,(-1.7560, 1.6360, 6.6500),(0.000, 270.000, 0.000)
59892704500,59.387260,(-1.7560, 1.6360, 6.6500),(0.000, 270.000, 0.000)
59906860400,59.401440,(-1.7560, 1.6360, 6.6500),(0.000, 270.000, 0.000)
59920061100,59.415010,(-1.7560, 1.6360, 6.6500),(0.000, 270.000, 0.000)
59934173100,59.428830,(-1.7560, 1.6360, 6.6500),(0.000, 270.000, 0.000)
59948558300,59.443100,(-1.7560, 1.6360, 6.6500),(0.000, 270.000, 0.000)
59962024800,59.456920,(-1.7560, 1.6360, 6.6500),(0.000, 270.000, 0.000)
59976345300,59.470940,(-1.7560, 1.6360, 6.6500),(0.000, 270.000, 0.000)
59990353300,59.484900,(-1.7560, 1.6360, 6.6500),(0.000, 270.000, 0.000)
60004268500,59.499170,(-1.7560, 1.6360, 6.6500),(0.000, 270.000, 0.000)
60017937100,59.512470,(-1.7560, 1.6360, 6.6500),(0.000, 270.000, 0.000)
60031978800,59.526540,(-1.7560, 1.6360, 6.6500),(0.000, 270.000, 0.000)
60056347900,59.550880,(-1.7560, 1.6360, 6.6500),(0.000, 270.000, 0.000)
60073621200,59.568220,(-1.7560, 1.6360, 6.6500),(0.000, 270.000, 0.000)
60087747100,59.582220,(-1.7560, 1.6360, 6.6500),(0.000, 270.000, 0.000)
60101276500,59.596180,(-1.7560, 1.6360, 6.6500),(0.000, 270.000, 0.000)
60115443200,59.609990,(-1.7560, 1.6360, 6.6500),(0.000, 270.000, 0.000)
60129765300,59.624020,(-1.7560, 1.6360, 6.6500),(0.000, 270.000, 0.000)
60143194300,59.638090,(-1.7560, 1.6360, 6.6500),(0.000, 270.000, 0.000)
60157208900,59.651790,(-1.7560, 1.6360, 6.6500),(0.000, 270.000, 0.000)
60171232000,59.665790,(-1.7560, 1.6360, 6.6500),(0.000, 270.000, 0.000)
60184854900,59.679780,(-1.7560, 1.6360, 6.6500),(0.000, 270.000, 0.000)
60199008100,59.693530,(-1.7560, 1.6360, 6.6500),(0.000, 270.000, 0.000)
60212932900,59.707520,(-1.7560, 1.6360, 6.6500),(0.000, 270.000, 0.000)
60227170500,59.721620,(-1.7560, 1.6360, 6.6500),(0.000, 270.000, 0.000)
60240444700,59.735400,(-1.7560, 1.6360, 6.6500),(0.000, 270.000, 0.000)
60265805900,59.760110,(-1.7560, 1.6360, 6.6500),(0.000, 270.000, 0.000)
60282563200,59.777420,(-1.7560, 1.6360, 6.6500),(0.000, 270.000, 0.000)
60296443300,59.791030,(-1.7560, 1.6360, 6.6500),(0.000, 270.000, 0.000)
60310387700,59.804950,(-1.7560, 1.6360, 6.6500),(0.000, 270.000, 0.000)
60323925500,59.818830,(-1.7560, 1.6360, 6.6500),(0.000, 270.000, 0.000)
60338286100,59.832800,(-1.7560, 1.6360, 6.6500),(0.000, 270.000, 0.000)
60352219500,59.846780,(-1.7560, 1.6360, 6.6500),(0.000, 270.000, 0.000)
60366225100,59.860800,(-1.7560, 1.6360, 6.6500),(0.000, 270.000, 0.000)
60379456900,59.874400,(-1.7560, 1.6360, 6.6500),(0.000, 270.000, 0.000)
60394093100,59.888650,(-1.7560, 1.6360, 6.6500),(0.000, 270.000, 0.000)
60407777600,59.902400,(-1.7560, 1.6360, 6.6500),(0.000, 270.000, 0.000)
60421781700,59.916660,(-1.7560, 1.6360, 6.6500),(0.000, 270.000, 0.000)
60435660500,59.930260,(-1.7560, 1.6360, 6.6500),(0.000, 270.000, 0.000)
60449933300,59.944530,(-1.7560, 1.6360, 6.6500),(0.000, 270.000, 0.000)
60473801700,59.968410,(-1.7560, 1.6360, 6.6500),(0.000, 270.000, 0.000)
60491228000,59.985850,(-1.7560, 1.6360, 6.6500),(0.000, 270.000, 0.000)
60505544100,60.000110,(-1.7560, 1.6360, 6.6500),(0.000, 270.000, 0.000)
60518927200,60.013790,(-1.7560, 1.6360, 6.6500),(0.000, 270.000, 0.000)
60533222100,60.027790,(-1.7560, 1.6360, 6.6500),(0.000, 270.000, 0.000)
60547425700,60.041920,(-1.7560, 1.6360, 6.6500),(0.000, 270.000, 0.000)
60560652100,60.055550,(-1.7560, 1.6360, 6.6500),(0.000, 270.000, 0.000)
60574940700,60.069530,(-1.7560, 1.6360, 6.6500),(0.000, 270.000, 0.000)
60588999600,60.083560,(-1.7560, 1.6360, 6.6500),(0.000, 270.000, 0.000)
60602515300,60.097390,(-1.7560, 1.6360, 6.6500),(0.000, 270.000, 0.000)
60617034400,60.111540,(-1.7560, 1.6360, 6.6500),(0.000, 270.000, 0.000)
60630824300,60.125360,(-1.7560, 1.6360, 6.6500),(0.000, 270.000, 0.000)
60644179300,60.139100,(-1.7560, 1.6360, 6.6500),(0.000, 270.000, 0.000)
60658535500,60.153070,(-1.7560, 1.6360, 6.6500),(0.000, 270.000, 0.000)
60683137500,60.177590,(-1.7560, 1.6360, 6.6500),(0.000, 270.000, 0.000)
60700349900,60.194960,(-1.7560, 1.6360, 6.6500),(0.000, 270.000, 0.000)
60714116900,60.208680,(-1.7560, 1.6360, 6.6500),(0.000, 270.000, 0.000)
60728419500,60.222920,(-1.7560, 1.6360, 6.6500),(0.000, 270.000, 0.000)
60741685700,60.236580,(-1.7560, 1.6360, 6.6500),(0.000, 270.000, 0.000)
60756137100,60.250640,(-1.7560, 1.6360, 6.6500),(0.000, 270.000, 0.000)
60770064800,60.264540,(-1.7560, 1.6360, 6.6500),(0.000, 270.000, 0.000)
60783486900,60.278410,(-1.7560, 1.6360, 6.6500),(0.000, 270.000, 0.000)
60797614100,60.292190,(-1.7560, 1.6360, 6.6500),(0.000, 270.000, 0.000)
60811873300,60.306430,(-1.7560, 1.6360, 6.6500),(0.000, 270.000, 0.000)
60826065700,60.320560,(-1.7560, 1.6360, 6.6500),(0.000, 270.000, 0.000)
60839140000,60.334090,(-1.7560, 1.6360, 6.6500),(0.000, 270.000, 0.000)
60853362100,60.347900,(-1.7560, 1.6360, 6.6500),(0.000, 270.000, 0.000)
60867494100,60.362090,(-1.7560, 1.6360, 6.6500),(0.000, 270.000, 0.000)
60891909200,60.386440,(-1.7560, 1.6360, 6.6500),(0.000, 270.000, 0.000)
60909202800,60.403740,(-1.7560, 1.6360, 6.6500),(0.000, 270.000, 0.000)
60922690400,60.417590,(-1.7560, 1.6360, 6.6500),(0.000, 270.000, 0.000)
60937112900,60.431600,(-1.7560, 1.6360, 6.6500),(0.000, 270.000, 0.000)
60950888500,60.445450,(-1.7560, 1.6360, 6.6500),(0.000, 270.000, 0.000)
60964516300,60.459430,(-1.7560, 1.6360, 6.6500),(0.000, 270.000, 0.000)
60978618700,60.473190,(-1.7560, 1.6360, 6.6500),(0.000, 270.000, 0.000)
60992748300,60.487240,(-1.7560, 1.6360, 6.6500),(0.000, 270.000, 0.000)
61006651700,60.501200,(-1.7560, 1.6360, 6.6500),(0.000, 270.000, 0.000)
61020365700,60.515230,(-1.7560, 1.6360, 6.6500),(0.000, 270.000, 0.000)
61034297700,60.528900,(-1.7560, 1.6360, 6.6500),(0.000, 270.000, 0.000)
61048470000,60.543000,(-1.7560, 1.6360, 6.6500),(0.000, 270.000, 0.000)
61061870100,60.556780,(-1.7560, 1.6360, 6.6500),(0.000, 270.000, 0.000)
61076348500,60.570950,(-1.7560, 1.6360, 6.6500),(0.000, 270.000, 0.000)
61100926400,60.595500,(-1.7560, 1.6360, 6.6500),(0.000, 270.000, 0.000)
61118005100,60.612570,(-1.7560, 1.6360, 6.6500),(0.000, 270.000, 0.000)
61132036100,60.626550,(-1.7560, 1.6360, 6.6500),(0.000, 270.000, 0.000)
61145770500,60.640370,(-1.7560, 1.6360, 6.6500),(0.000, 270.000, 0.000)
61159404700,60.654310,(-1.7560, 1.6360, 6.6500),(0.000, 270.000, 0.000)
61173722300,60.668330,(-1.7560, 1.6360, 6.6500),(0.000, 270.000, 0.000)
61187523700,60.682090,(-1.7560, 1.6360, 6.6500),(0.000, 270.000, 0.000)
61201123900,60.696040,(-1.7560, 1.6360, 6.6500),(0.000, 270.000, 0.000)
61215496000,60.710080,(-1.7560, 1.6360, 6.6500),(0.000, 270.000, 0.000)
61229497900,60.724010,(-1.7560, 1.6360, 6.6500),(0.000, 270.000, 0.000)
61243106900,60.737890,(-1.7560, 1.6360, 6.6500),(0.000, 270.000, 0.000)
61257151200,60.751750,(-1.7560, 1.6360, 6.6500),(0.000, 270.000, 0.000)
61271135700,60.765710,(-1.7560, 1.6360, 6.6500),(0.000, 270.000, 0.000)
61284784500,60.779680,(-1.7560, 1.6360, 6.6500),(0.000, 270.000, 0.000)
61310281900,60.804560,(-1.7560, 1.6360, 6.6500),(0.000, 270.000, 0.000)
61327230400,60.821790,(-1.7560, 1.6360, 6.6500),(0.000, 270.000, 0.000)
61340487300,60.835400,(-1.7560, 1.6360, 6.6500),(0.000, 270.000, 0.000)
61354295300,60.848930,(-1.7560, 1.6360, 6.6500),(0.000, 270.000, 0.000)
61368670300,60.863190,(-1.7560, 1.6360, 6.6500),(0.000, 270.000, 0.000)
61382274800,60.877120,(-1.7560, 1.6360, 6.6500),(0.000, 270.000, 0.000)
61396331300,60.890870,(-1.7560, 1.6360, 6.6500),(0.000, 270.000, 0.000)
61410614900,60.905140,(-1.7560, 1.6360, 6.6500),(0.000, 270.000, 0.000)
61424145300,60.919000,(-1.7560, 1.6360, 6.6500),(0.000, 270.000, 0.000)
61437961300,60.932580,(-1.7560, 1.6360, 6.6500),(0.000, 270.000, 0.000)
61452011200,60.946580,(-1.7560, 1.6360, 6.6500),(0.000, 270.000, 0.000)
61466057200,60.960600,(-1.7560, 1.6360, 6.6500),(0.000, 270.000, 0.000)
61479407100,60.974360,(-1.7560, 1.6360, 6.6500),(0.000, 270.000, 0.000)
61493933200,60.988510,(-1.7560, 1.6360, 6.6500),(0.000, 270.000, 0.000)
61518622700,61.013190,(-1.7560, 1.6360, 6.6500),(0.000, 270.000, 0.000)
61535759900,61.030350,(-1.7560, 1.6360, 6.6500),(0.000, 270.000, 0.000)
61549453700,61.044060,(-1.7560, 1.6360, 6.6500),(0.000, 270.000, 0.000)
61563243900,61.058080,(-1.7560, 1.6360, 6.6500),(0.000, 270.000, 0.000)
61577336100,61.071910,(-1.7560, 1.6360, 6.6500),(0.000, 270.000, 0.000)
61591452300,61.086010,(-1.7560, 1.6360, 6.6500),(0.000, 270.000, 0.000)
61605110900,61.099980,(-1.7560, 1.6360, 6.6500),(0.000, 270.000, 0.000)
61618893300,61.113480,(-1.7560, 1.6360, 6.6500),(0.000, 270.000, 0.000)
61633071200,61.127660,(-1.7560, 1.6360, 6.6500),(0.000, 270.000, 0.000)
61646972500,61.141540,(-1.7560, 1.6360, 6.6500),(0.000, 270.000, 0.000)
61660517700,61.155480,(-1.7560, 1.6360, 6.6500),(0.000, 270.000, 0.000)
61674823300,61.169390,(-1.7560, 1.6360, 6.6500),(0.000, 270.000, 0.000)
61688760500,61.183390,(-1.7560, 1.6360, 6.6500),(0.000, 270.000, 0.000)
61706078800,61.200490,(-1.7560, 1.6360, 6.6500),(0.000, 270.000, 0.000)
61730631500,61.225050,(-1.7560, 1.6360, 6.6500),(0.000, 270.000, 0.000)
61747940100,61.241970,(-1.7560, 1.6360, 6.6500),(0.000, 270.000, 0.000)
61761756100,61.256300,(-1.7560, 1.6360, 6.6500),(0.000, 270.000, 0.000)
61775886100,61.270240,(-1.7560, 1.6360, 6.6500),(0.000, 270.000, 0.000)
61789982100,61.284320,(-1.7560, 1.6360, 6.6500),(0.000, 270.000, 0.000)
61818344800,61.312510,(-1.7560, 1.6360, 6.6500),(0.000, 270.000, 0.000)
61828664900,61.323140,(-1.7560, 1.6360, 6.6500),(0.000, 270.000, 0.000)
61841115500,61.336100,(-1.7560, 1.6360, 6.6500),(0.000, 270.000, 0.000)
61855781600,61.350300,(-1.7560, 1.6360, 6.6500),(0.000, 270.000, 0.000)
61869608400,61.364110,(-1.7560, 1.6360, 6.6500),(0.000, 270.000, 0.000)
61883159500,61.378020,(-1.7560, 1.6360, 6.6500),(0.000, 270.000, 0.000)
61897372800,61.391970,(-1.7560, 1.6360, 6.6500),(0.000, 270.000, 0.000)
61911187500,61.405740,(-1.7560, 1.6360, 6.6500),(0.000, 270.000, 0.000)
61937535300,61.432090,(-1.7560, 1.6360, 6.6500),(0.000, 270.000, 0.000)
61952812000,61.447410,(-1.7560, 1.6360, 6.6500),(0.000, 270.000, 0.000)
61966883100,61.461460,(-1.7560, 1.6360, 6.6500),(0.000, 270.000, 0.000)
61980313300,61.475280,(-1.7560, 1.6360, 6.6500),(0.000, 270.000, 0.000)
61994253100,61.488930,(-1.7560, 1.6360, 6.6500),(0.000, 270.000, 0.000)
62008434100,61.503060,(-1.7560, 1.6360, 6.6500),(0.000, 270.000, 0.000)
62021884000,61.516830,(-1.7560, 1.6360, 6.6500),(0.000, 270.000, 0.000)
62036622100,61.531170,(-1.7560, 1.6360, 6.6500),(0.000, 270.000, 0.000)
62050564100,61.545080,(-1.7560, 1.6360, 6.6500),(0.000, 270.000, 0.000)
62064114500,61.559030,(-1.7560, 1.6360, 6.6500),(0.000, 270.000, 0.000)
62078195700,61.572800,(-1.7560, 1.6360, 6.6500),(0.000, 270.000, 0.000)
62092424800,61.586980,(-1.7560, 1.6360, 6.6500),(0.000, 270.000, 0.000)
62106316900,61.600830,(-1.7560, 1.6360, 6.6500),(0.000, 270.000, 0.000)
62119714900,61.614650,(-1.7560, 1.6360, 6.6500),(0.000, 270.000, 0.000)
62146892000,61.641260,(-1.7560, 1.6360, 6.6500),(0.000, 270.000, 0.000)
62161566500,61.656480,(-1.7560, 1.6360, 6.6500),(0.000, 270.000, 0.000)
62175649100,61.670310,(-1.7560, 1.6360, 6.6500),(0.000, 270.000, 0.000)
62189652700,61.684230,(-1.7560, 1.6360, 6.6500),(0.000, 270.000, 0.000)
62203357700,61.698220,(-1.7560, 1.6360, 6.6500),(0.000, 270.000, 0.000)
62217574400,61.712130,(-1.7560, 1.6360, 6.6500),(0.000, 270.000, 0.000)
62231470900,61.726030,(-1.7560, 1.6360, 6.6500),(0.000, 270.000, 0.000)
62245574500,61.740080,(-1.7560, 1.6360, 6.6500),(0.000, 270.000, 0.000)
62259230700,61.754090,(-1.7560, 1.6360, 6.6500),(0.000, 270.000, 0.000)
62273208300,61.767800,(-1.7560, 1.6360, 6.6500),(0.000, 270.000, 0.000)
62287266300,61.781820,(-1.7560, 1.6360, 6.6500),(0.000, 270.000, 0.000)
62300849100,61.795710,(-1.7560, 1.6360, 6.6500),(0.000, 270.000, 0.000)
62314900100,61.809490,(-1.7560, 1.6360, 6.6500),(0.000, 270.000, 0.000)
62328982400,61.823510,(-1.7560, 1.6360, 6.6500),(0.000, 270.000, 0.000)
62355628400,61.850100,(-1.7560, 1.6360, 6.6500),(0.000, 270.000, 0.000)
62371213600,61.865700,(-1.7560, 1.6360, 6.6500),(0.000, 270.000, 0.000)
62384018300,61.878930,(-1.7560, 1.6360, 6.6500),(0.000, 270.000, 0.000)
62398249300,61.892830,(-1.7560, 1.6360, 6.6500),(0.000, 270.000, 0.000)
62412216700,61.906760,(-1.7560, 1.6360, 6.6500),(0.000, 270.000, 0.000)
62426081600,61.920740,(-1.7560, 1.6360, 6.6500),(0.000, 270.000, 0.000)
62439789200,61.934720,(-1.7560, 1.6360, 6.6500),(0.000, 270.000, 0.000)
62454177200,61.948800,(-1.7560, 1.6360, 6.6500),(0.000, 270.000, 0.000)
62468225300,61.962770,(-1.7560, 1.6360, 6.6500),(0.000, 270.000, 0.000)
62481868400,61.976730,(-1.7560, 1.6360, 6.6500),(0.000, 270.000, 0.000)
62495914100,61.990540,(-1.7560, 1.6360, 6.6500),(0.000, 270.000, 0.000)
62510244500,62.004780,(-1.7560, 1.6360, 6.6500),(0.000, 270.000, 0.000)
62523543700,62.018470,(-1.7560, 1.6360, 6.6500),(0.000, 270.000, 0.000)
62537792100,62.032280,(-1.7560, 1.6360, 6.6500),(0.000, 270.000, 0.000)
62564204900,62.058690,(-1.7560, 1.6360, 6.6500),(0.000, 270.000, 0.000)
62579605500,62.074210,(-1.7560, 1.6360, 6.6500),(0.000, 270.000, 0.000)
62593449900,62.088070,(-1.7560, 1.6360, 6.6500),(0.000, 270.000, 0.000)
62607491300,62.102050,(-1.7560, 1.6360, 6.6500),(0.000, 270.000, 0.000)
62620902500,62.115840,(-1.7560, 1.6360, 6.6500),(0.000, 270.000, 0.000)
62635254000,62.129820,(-1.7560, 1.6360, 6.6500),(0.000, 270.000, 0.000)
62649327500,62.143810,(-1.7560, 1.6360, 6.6500),(0.000, 270.000, 0.000)
62662724100,62.157620,(-1.7560, 1.6360, 6.6500),(0.000, 270.000, 0.000)
62676947100,62.171490,(-1.7560, 1.6360, 6.6500),(0.000, 270.000, 0.000)
62690989100,62.185570,(-1.7560, 1.6360, 6.6500),(0.000, 270.000, 0.000)
62704448000,62.199340,(-1.7560, 1.6360, 6.6500),(0.000, 270.000, 0.000)
62718550500,62.213120,(-1.7560, 1.6360, 6.6500),(0.000, 270.000, 0.000)
62732465900,62.227040,(-1.7560, 1.6360, 6.6500),(0.000, 270.000, 0.000)
62746829300,62.241340,(-1.7560, 1.6360, 6.6500),(0.000, 270.000, 0.000)
62773282500,62.267700,(-1.7560, 1.6360, 6.6500),(0.000, 270.000, 0.000)
62788421700,62.283000,(-1.7560, 1.6360, 6.6500),(0.000, 270.000, 0.000)
62801939700,62.296830,(-1.7560, 1.6360, 6.6500),(0.000, 270.000, 0.000)
62816023900,62.310630,(-1.7560, 1.6360, 6.6500),(0.000, 270.000, 0.000)
62830225700,62.324780,(-1.7560, 1.6360, 6.6500),(0.000, 270.000, 0.000)
62843524800,62.338490,(-1.7560, 1.6360, 6.6500),(0.000, 270.000, 0.000)
62858014700,62.352600,(-1.7560, 1.6360, 6.6500),(0.000, 270.000, 0.000)
62871980000,62.366500,(-1.7560, 1.6360, 6.6500),(0.000, 270.000, 0.000)
62885952900,62.380520,(-1.7560, 1.6360, 6.6500),(0.000, 270.000, 0.000)
62899393100,62.394300,(-1.7560, 1.6360, 6.6500),(0.000, 270.000, 0.000)
62913813700,62.408280,(-1.7560, 1.6360, 6.6500),(0.000, 270.000, 0.000)
62927856100,62.422380,(-1.7560, 1.6360, 6.6500),(0.000, 270.000, 0.000)
62940918700,62.435940,(-1.7560, 1.6360, 6.6500),(0.000, 270.000, 0.000)
62955480100,62.450060,(-1.7560, 1.6360, 6.6500),(0.000, 270.000, 0.000)
62982075700,62.476650,(-1.7560, 1.6360, 6.6500),(0.000, 270.000, 0.000)
62997143700,62.491690,(-1.7560, 1.6360, 6.6500),(0.000, 270.000, 0.000)
63010994300,62.505530,(-1.7560, 1.6360, 6.6500),(0.000, 270.000, 0.000)
63024872900,62.519820,(-1.7560, 1.6360, 6.6500),(0.000, 270.000, 0.000)
63038871300,62.533460,(-1.7560, 1.6360, 6.6500),(0.000, 270.000, 0.000)
63052971200,62.547510,(-1.7560, 1.6360, 6.6500),(0.000, 270.000, 0.000)
63066978300,62.561450,(-1.7560, 1.6360, 6.6500),(0.000, 270.000, 0.000)
63080315600,62.575260,(-1.7560, 1.6360, 6.6500),(0.000, 270.000, 0.000)
63094755600,62.589230,(-1.7560, 1.6360, 6.6500),(0.000, 270.000, 0.000)
63108651700,62.603200,(-1.7560, 1.6360, 6.6500),(0.000, 270.000, 0.000)
63122173700,62.617040,(-1.7560, 1.6360, 6.6500),(0.000, 270.000, 0.000)
63136437200,62.631000,(-1.7560, 1.6360, 6.6500),(0.000, 270.000, 0.000)
63150472400,62.645060,(-1.7560, 1.6360, 6.6500),(0.000, 270.000, 0.000)
63163966300,62.658890,(-1.7560, 1.6360, 6.6500),(0.000, 270.000, 0.000)
63191080800,62.685470,(-1.7560, 1.6360, 6.6500),(0.000, 270.000, 0.000)
63205839500,62.700470,(-1.7560, 1.6360, 6.6500),(0.000, 270.000, 0.000)
63219461500,62.714440,(-1.7560, 1.6360, 6.6500),(0.000, 270.000, 0.000)
63233962900,62.728550,(-1.7560, 1.6360, 6.6500),(0.000, 270.000, 0.000)
63247769700,62.742330,(-1.7560, 1.6360, 6.6500),(0.000, 270.000, 0.000)
63261362500,62.756290,(-1.7560, 1.6360, 6.6500),(0.000, 270.000, 0.000)
63275699200,62.770200,(-1.7560, 1.6360, 6.6500),(0.000, 270.000, 0.000)
63289746900,62.784150,(-1.7560, 1.6360, 6.6500),(0.000, 270.000, 0.000)
63303082900,62.797990,(-1.7560, 1.6360, 6.6500),(0.000, 270.000, 0.000)
63317379200,62.811990,(-1.7560, 1.6360, 6.6500),(0.000, 270.000, 0.000)
63331276000,62.825870,(-1.7560, 1.6360, 6.6500),(0.000, 270.000, 0.000)
63345542900,62.840100,(-1.7560, 1.6360, 6.6500),(0.000, 270.000, 0.000)
63358956300,62.853780,(-1.7560, 1.6360, 6.6500),(0.000, 270.000, 0.000)
63373338400,62.867860,(-1.7560, 1.6360, 6.6500),(0.000, 270.000, 0.000)
63399630300,62.894190,(-1.7560, 1.6360, 6.6500),(0.000, 270.000, 0.000)
63415312100,62.909840,(-1.7560, 1.6360, 6.6500),(0.000, 270.000, 0.000)
63428812500,62.923320,(-1.7560, 1.6360, 6.6500),(0.000, 270.000, 0.000)
63442170100,62.937050,(-1.7560, 1.6360, 6.6500),(0.000, 270.000, 0.000)
63456661300,62.951220,(-1.7560, 1.6360, 6.6500),(0.000, 270.000, 0.000)
63470740000,62.965290,(-1.7560, 1.6360, 6.6500),(0.000, 270.000, 0.000)
63484344500,62.979230,(-1.7560, 1.6360, 6.6500),(0.000, 270.000, 0.000)
63498277200,62.992850,(-1.7560, 1.6360, 6.6500),(0.000, 270.000, 0.000)
63512398100,63.006930,(-1.7560, 1.6360, 6.6500),(0.000, 270.000, 0.000)
63526500900,63.021040,(-1.7560, 1.6360, 6.6500),(0.000, 270.000, 0.000)
63539733700,63.034680,(-1.7560, 1.6360, 6.6500),(0.000, 270.000, 0.000)
63554320100,63.048700,(-1.7560, 1.6360, 6.6500),(0.000, 270.000, 0.000)
63568038300,63.062640,(-1.7560, 1.6360, 6.6500),(0.000, 270.000, 0.000)
63581627500,63.076530,(-1.7560, 1.6360, 6.6500),(0.000, 270.000, 0.000)
63608796100,63.103160,(-1.7560, 1.6360, 6.6500),(0.000, 270.000, 0.000)
63623278900,63.118180,(-1.7560, 1.6360, 6.6500),(0.000, 270.000, 0.000)
63637481700,63.132100,(-1.7560, 1.6360, 6.6500),(0.000, 270.000, 0.000)
63652047200,63.146430,(-1.7560, 1.6360, 6.6500),(0.000, 270.000, 0.000)
63665900300,63.160380,(-1.7560, 1.6360, 6.6500),(0.000, 270.000, 0.000)
63679237900,63.174020,(-1.7560, 1.6360, 6.6500),(0.000, 270.000, 0.000)
63693331300,63.187810,(-1.7560, 1.6360, 6.6500),(0.000, 270.000, 0.000)
63707333900,63.201860,(-1.7560, 1.6360, 6.6500),(0.000, 270.000, 0.000)
63720747900,63.215680,(-1.7560, 1.6360, 6.6500),(0.000, 270.000, 0.000)
63735142700,63.229750,(-1.7560, 1.6360, 6.6500),(0.000, 270.000, 0.000)
63748933300,63.243500,(-1.7560, 1.6360, 6.6500),(0.000, 270.000, 0.000)
63762641600,63.257470,(-1.7560, 1.6360, 6.6500),(0.000, 270.000, 0.000)
63776720500,63.271320,(-1.7560, 1.6360, 6.6500),(0.000, 270.000, 0.000)
63790895700,63.285440,(-1.7560, 1.6360, 6.6500),(0.000, 270.000, 0.000)
63817157300,63.311770,(-1.7560, 1.6360, 6.6500),(0.000, 270.000, 0.000)
63832511600,63.327130,(-1.7560, 1.6360, 6.6500),(0.000, 270.000, 0.000)
63846857300,63.341420,(-1.7560, 1.6360, 6.6500),(0.000, 270.000, 0.000)
63860005700,63.354930,(-1.7560, 1.6360, 6.6500),(0.000, 270.000, 0.000)
63874351500,63.368840,(-1.7560, 1.6360, 6.6500),(0.000, 270.000, 0.000)
63888216900,63.382760,(-1.7560, 1.6360, 6.6500),(0.000, 270.000, 0.000)
63901811600,63.396660,(-1.7560, 1.6360, 6.6500),(0.000, 270.000, 0.000)
63916192900,63.410740,(-1.7560, 1.6360, 6.6500),(0.000, 270.000, 0.000)
63930008500,63.424550,(-1.7560, 1.6360, 6.6500),(0.000, 270.000, 0.000)
63943860800,63.438640,(-1.7560, 1.6360, 6.6500),(0.000, 270.000, 0.000)
63957899600,63.452480,(-1.7560, 1.6360, 6.6500),(0.000, 270.000, 0.000)
63971803300,63.466320,(-1.7560, 1.6360, 6.6500),(0.000, 270.000, 0.000)
63985928900,63.480350,(-1.7560, 1.6360, 6.6500),(0.000, 270.000, 0.000)
63999319900,63.494260,(-1.7560, 1.6360, 6.6500),(0.000, 270.000, 0.000)
64026967300,63.521290,(-1.7560, 1.6360, 6.6500),(0.000, 270.000, 0.000)
64040981200,63.535900,(-1.7560, 1.6360, 6.6500),(0.000, 270.000, 0.000)
64055286300,63.549880,(-1.7560, 1.6360, 6.6500),(0.000, 270.000, 0.000)
64069042900,63.563630,(-1.7560, 1.6360, 6.6500),(0.000, 270.000, 0.000)
64083008400,63.577840,(-1.7560, 1.6360, 6.6500),(0.000, 270.000, 0.000)
64097236800,63.591770,(-1.7560, 1.6360, 6.6500),(0.000, 270.000, 0.000)
64110985700,63.605550,(-1.7560, 1.6360, 6.6500),(0.000, 270.000, 0.000)
64124706300,63.619570,(-1.7560, 1.6360, 6.6500),(0.000, 270.000, 0.000)
64138897300,63.633460,(-1.7560, 1.6360, 6.6500),(0.000, 270.000, 0.000)
64152632100,63.647240,(-1.7560, 1.6360, 6.6500),(0.000, 270.000, 0.000)
64166977300,63.661550,(-1.7560, 1.6360, 6.6500),(0.000, 270.000, 0.000)
64180068500,63.675000,(-1.7560, 1.6360, 6.6500),(0.000, 270.000, 0.000)
64194593100,63.689140,(-1.7560, 1.6360, 6.6500),(0.000, 270.000, 0.000)
64208635100,63.703210,(-1.7560, 1.6360, 6.6500),(0.000, 270.000, 0.000)
64235026800,63.729610,(-1.7560, 1.6360, 6.6500),(0.000, 270.000, 0.000)
64250156800,63.744780,(-1.7560, 1.6360, 6.6500),(0.000, 270.000, 0.000)
64263457600,63.758360,(-1.7560, 1.6360, 6.6500),(0.000, 270.000, 0.000)
64277727300,63.772400,(-1.7560, 1.6360, 6.6500),(0.000, 270.000, 0.000)
64292456700,63.787010,(-1.7560, 1.6360, 6.6500),(0.000, 270.000, 0.000)
64305987700,63.800580,(-1.7560, 1.6360, 6.6500),(0.000, 270.000, 0.000)
64319559300,63.814460,(-1.7560, 1.6360, 6.6500),(0.000, 270.000, 0.000)
64333944900,63.828510,(-1.7560, 1.6360, 6.6500),(0.000, 270.000, 0.000)
64347752100,63.842360,(-1.7560, 1.6360, 6.6500),(0.000, 270.000, 0.000)
64361332800,63.856270,(-1.7560, 1.6360, 6.6500),(0.000, 270.000, 0.000)
64375777700,63.870190,(-1.7560, 1.6360, 6.6500),(0.000, 270.000, 0.000)
64389546900,63.884070,(-1.7560, 1.6360, 6.6500),(0.000, 270.000, 0.000)
64403088900,63.898030,(-1.7560, 1.6360, 6.6500),(0.000, 270.000, 0.000)
64417580300,63.912140,(-1.7560, 1.6360, 6.6500),(0.000, 270.000, 0.000)
64444073500,63.938610,(-1.7560, 1.6360, 6.6500),(0.000, 270.000, 0.000)
64459389700,63.953950,(-1.7560, 1.6360, 6.6500),(0.000, 270.000, 0.000)
64473150900,63.967670,(-1.7560, 1.6360, 6.6500),(0.000, 270.000, 0.000)
64487044800,63.981620,(-1.7560, 1.6360, 6.6500),(0.000, 270.000, 0.000)
64500481600,63.995420,(-1.7560, 1.6360, 6.6500),(0.000, 270.000, 0.000)
64514821100,64.009360,(-1.7560, 1.6360, 6.6500),(0.000, 270.000, 0.000)
64528721900,64.023260,(-1.7560, 1.6360, 6.6500),(0.000, 270.000, 0.000)
64542173900,64.037100,(-1.7560, 1.6360, 6.6500),(0.000, 270.000, 0.000)
64556610500,64.051180,(-1.7560, 1.6360, 6.6500),(0.000, 270.000, 0.000)
64570654900,64.065190,(-1.7560, 1.6360, 6.6500),(0.000, 270.000, 0.000)
64584313200,64.079170,(-1.7560, 1.6360, 6.6500),(0.000, 270.000, 0.000)
64598515500,64.092960,(-1.7560, 1.6360, 6.6500),(0.000, 270.000, 0.000)
64612374900,64.106930,(-1.7560, 1.6360, 6.6500),(0.000, 270.000, 0.000)
64626404100,64.120970,(-1.7560, 1.6360, 6.6500),(0.000, 270.000, 0.000)
64653065200,64.147660,(-1.7560, 1.6360, 6.6500),(0.000, 270.000, 0.000)
64668061900,64.162620,(-1.7560, 1.6360, 6.6500),(0.000, 270.000, 0.000)
64681530800,64.176450,(-1.7560, 1.6360, 6.6500),(0.000, 270.000, 0.000)
64695783200,64.190350,(-1.7560, 1.6360, 6.6500),(0.000, 270.000, 0.000)
64709834800,64.204350,(-1.7560, 1.6360, 6.6500),(0.000, 270.000, 0.000)
64723302000,64.218210,(-1.7560, 1.6360, 6.6500),(0.000, 270.000, 0.000)
64737714400,64.232250,(-1.7560, 1.6360, 6.6500),(0.000, 270.000, 0.000)
64751567900,64.246130,(-1.7560, 1.6360, 6.6500),(0.000, 270.000, 0.000)
64765692000,64.260250,(-1.7560, 1.6360, 6.6500),(0.000, 270.000, 0.000)
64779369100,64.274250,(-1.7560, 1.6360, 6.6500),(0.000, 270.000, 0.000)
64793440500,64.288020,(-1.7560, 1.6360, 6.6500),(0.000, 270.000, 0.000)
64807807600,64.302240,(-1.7560, 1.6360, 6.6500),(0.000, 270.000, 0.000)
64820850900,64.315770,(-1.7560, 1.6360, 6.6500),(0.000, 270.000, 0.000)
64834952300,64.329500,(-1.7560, 1.6360, 6.6500),(0.000, 270.000, 0.000)
64861678900,64.356280,(-1.7560, 1.6360, 6.6500),(0.000, 270.000, 0.000)
64876511900,64.371190,(-1.7560, 1.6360, 6.6500),(0.000, 270.000, 0.000)
64890778900,64.385350,(-1.7560, 1.6360, 6.6500),(0.000, 270.000, 0.000)
64904286900,64.399150,(-1.7560, 1.6360, 6.6500),(0.000, 270.000, 0.000)
64918567100,64.413140,(-1.7560, 1.6360, 6.6500),(0.000, 270.000, 0.000)
64932374500,64.426980,(-1.7560, 1.6360, 6.6500),(0.000, 270.000, 0.000)
64946431100,64.440960,(-1.7560, 1.6360, 6.6500),(0.000, 270.000, 0.000)
64960365700,64.455220,(-1.7560, 1.6360, 6.6500),(0.000, 270.000, 0.000)
64974386900,64.468960,(-1.7560, 1.6360, 6.6500),(0.000, 270.000, 0.000)
64988215200,64.482770,(-1.7560, 1.6360, 6.6500),(0.000, 270.000, 0.000)
65001847500,64.496710,(-1.7560, 1.6360, 6.6500),(0.000, 270.000, 0.000)
65016026500,64.510620,(-1.7560, 1.6360, 6.6500),(0.000, 270.000, 0.000)
65030045200,64.524620,(-1.7560, 1.6360, 6.6500),(0.000, 270.000, 0.000)
65043538400,64.538360,(-1.7560, 1.6360, 6.6500),(0.000, 270.000, 0.000)
65070700300,64.565120,(-1.7560, 1.6360, 6.6500),(0.000, 270.000, 0.000)
65085874700,64.580470,(-1.7560, 1.6360, 6.6500),(0.000, 270.000, 0.000)
65099464700,64.594390,(-1.7560, 1.6360, 6.6500),(0.000, 270.000, 0.000)
65113293200,64.607810,(-1.7560, 1.6360, 6.6500),(0.000, 270.000, 0.000)
65127555900,64.622110,(-1.7560, 1.6360, 6.6500),(0.000, 270.000, 0.000)
65140937100,64.635830,(-1.7560, 1.6360, 6.6500),(0.000, 270.000, 0.000)
65155187700,64.649750,(-1.7560, 1.6360, 6.6500),(0.000, 270.000, 0.000)
65169184300,64.663690,(-1.7560, 1.6360, 6.6500),(0.000, 270.000, 0.000)
65182819300,64.677650,(-1.7560, 1.6360, 6.6500),(0.000, 270.000, 0.000)
65196982900,64.691570,(-1.7560, 1.6360, 6.6500),(0.000, 270.000, 0.000)
65210545900,64.705160,(-1.7560, 1.6360, 6.6500),(0.000, 270.000, 0.000)
65224461200,64.719390,(-1.7560, 1.6360, 6.6500),(0.000, 270.000, 0.000)
65238760800,64.733300,(-1.7560, 1.6360, 6.6500),(0.000, 270.000, 0.000)
65252740100,64.747290,(-1.7560, 1.6360, 6.6500),(0.000, 270.000, 0.000)
65279309900,64.773820,(-1.7560, 1.6360, 6.6500),(0.000, 270.000, 0.000)
65294728800,64.789280,(-1.7560, 1.6360, 6.6500),(0.000, 270.000, 0.000)
65308176000,64.802730,(-1.7560, 1.6360, 6.6500),(0.000, 270.000, 0.000)
65322121300,64.816980,(-1.7560, 1.6360, 6.6500),(0.000, 270.000, 0.000)
65336326000,64.830840,(-1.7560, 1.6360, 6.6500),(0.000, 270.000, 0.000)
65350190100,64.844720,(-1.7560, 1.6360, 6.6500),(0.000, 270.000, 0.000)
65363786000,64.858710,(-1.7560, 1.6360, 6.6500),(0.000, 270.000, 0.000)
65377877300,64.872490,(-1.7560, 1.6360, 6.6500),(0.000, 270.000, 0.000)
65391840300,64.886440,(-1.7560, 1.6360, 6.6500),(0.000, 270.000, 0.000)
65405966400,64.900470,(-1.7560, 1.6360, 6.6500),(0.000, 270.000, 0.000)
65419250500,64.914180,(-1.7560, 1.6360, 6.6500),(0.000, 270.000, 0.000)
65433638900,64.928230,(-1.7560, 1.6360, 6.6500),(0.000, 270.000, 0.000)
65447611900,64.942190,(-1.7560, 1.6360, 6.6500),(0.000, 270.000, 0.000)
65461098900,64.955990,(-1.7560, 1.6360, 6.6500),(0.000, 270.000, 0.000)
65489814900,64.984130,(-1.7560, 1.6360, 6.6500),(0.000, 270.000, 0.000)
65502803700,64.997690,(-1.7560, 1.6360, 6.6500),(0.000, 270.000, 0.000)
65517488800,65.011920,(-1.7560, 1.6360, 6.6500),(0.000, 270.000, 0.000)
65531833900,65.026290,(-1.7560, 1.6360, 6.6500),(0.000, 270.000, 0.000)
65545936900,65.040340,(-1.7560, 1.6360, 6.6500),(0.000, 270.000, 0.000)
65558537300,65.053440,(-1.7560, 1.6360, 6.6500),(0.000, 270.000, 0.000)
65573196100,65.067730,(-1.7560, 1.6360, 6.6500),(0.000, 270.000, 0.000)
65587678700,65.081890,(-1.7560, 1.6360, 6.6500),(0.000, 270.000, 0.000)
65600301700,65.095230,(-1.7560, 1.6360, 6.6500),(0.000, 270.000, 0.000)
65614681300,65.109220,(-1.7560, 1.6360, 6.6500),(0.000, 270.000, 0.000)
65628704500,65.123250,(-1.7560, 1.6360, 6.6500),(0.000, 270.000, 0.000)
65642437700,65.137230,(-1.7560, 1.6360, 6.6500),(0.000, 270.000, 0.000)
65656903500,65.151420,(-1.7560, 1.6360, 6.6500),(0.000, 270.000, 0.000)
65670325300,65.164870,(-1.7560, 1.6360, 6.6500),(0.000, 270.000, 0.000)
65698641300,65.193050,(-1.7560, 1.6360, 6.6500),(0.000, 270.000, 0.000)
65712525100,65.206910,(-1.7560, 1.6360, 6.6500),(0.000, 270.000, 0.000)
65726220100,65.220730,(-1.7560, 1.6360, 6.6500),(0.000, 270.000, 0.000)
65739867300,65.234790,(-1.7560, 1.6360, 6.6500),(0.000, 270.000, 0.000)
65753866800,65.248400,(-1.7560, 1.6360, 6.6500),(0.000, 270.000, 0.000)
65768388800,65.262480,(-1.7560, 1.6360, 6.6500),(0.000, 270.000, 0.000)
65781456500,65.276390,(-1.7560, 1.6360, 6.6500),(0.000, 270.000, 0.000)
65795448400,65.289980,(-1.7560, 1.6360, 6.6500),(0.000, 270.000, 0.000)
65809445300,65.303990,(-1.7560, 1.6360, 6.6500),(0.000, 270.000, 0.000)
65823084500,65.317880,(-1.7560, 1.6360, 6.6500),(0.000, 270.000, 0.000)
65837429700,65.332020,(-1.7560, 1.6360, 6.6500),(0.000, 270.000, 0.000)
65851289900,65.345850,(-1.7560, 1.6360, 6.6500),(0.000, 270.000, 0.000)
65864747700,65.359710,(-1.7560, 1.6360, 6.6500),(0.000, 270.000, 0.000)
65879133900,65.373660,(-1.7560, 1.6360, 6.6500),(0.000, 270.000, 0.000)
65906549600,65.400880,(-1.7560, 1.6360, 6.6500),(0.000, 270.000, 0.000)
65920921100,65.415580,(-1.7560, 1.6360, 6.6500),(0.000, 270.000, 0.000)
65934858500,65.429310,(-1.7560, 1.6360, 6.6500),(0.000, 270.000, 0.000)
65949039100,65.443530,(-1.7560, 1.6360, 6.6500),(0.000, 270.000, 0.000)
65962720900,65.457600,(-1.7560, 1.6360, 6.6500),(0.000, 270.000, 0.000)
65976599900,65.471180,(-1.7560, 1.6360, 6.6500),(0.000, 270.000, 0.000)
65990550900,65.485140,(-1.7560, 1.6360, 6.6500),(0.000, 270.000, 0.000)
66004210400,65.499110,(-1.7560, 1.6360, 6.6500),(0.000, 270.000, 0.000)
66018650700,65.512920,(-1.7560, 1.6360, 6.6500),(0.000, 270.000, 0.000)
66032250500,65.526850,(-1.7560, 1.6360, 6.6500),(0.000, 270.000, 0.000)
66046439100,65.540990,(-1.7560, 1.6360, 6.6500),(0.000, 270.000, 0.000)
66059907500,65.554840,(-1.7560, 1.6360, 6.6500),(0.000, 270.000, 0.000)
66074147300,65.568730,(-1.7560, 1.6360, 6.6500),(0.000, 270.000, 0.000)
66088074900,65.582600,(-1.7560, 1.6360, 6.6500),(0.000, 270.000, 0.000)
66116548400,65.610920,(-1.7560, 1.6360, 6.6500),(0.000, 270.000, 0.000)
66130407500,65.624730,(-1.7560, 1.6360, 6.6500),(0.000, 270.000, 0.000)
66143783900,65.638590,(-1.7560, 1.6360, 6.6500),(0.000, 270.000, 0.000)
66158577100,65.652790,(-1.7560, 1.6360, 6.6500),(0.000, 270.000, 0.000)
66171877300,65.666310,(-1.7560, 1.6360, 6.6500),(0.000, 270.000, 0.000)
66185997600,65.680370,(-1.7560, 1.6360, 6.6500),(0.000, 270.000, 0.000)
66199564400,65.694370,(-1.7560, 1.6360, 6.6500),(0.000, 270.000, 0.000)
66213227300,65.707760,(-1.7560, 1.6360, 6.6500),(0.000, 270.000, 0.000)
66227334300,65.721850,(-1.7560, 1.6360, 6.6500),(0.000, 270.000, 0.000)
66240820800,65.735590,(-1.7560, 1.6360, 6.6500),(0.000, 270.000, 0.000)
66255746100,65.750250,(-1.7560, 1.6360, 6.6500),(0.000, 270.000, 0.000)
66269009700,65.763500,(-1.7560, 1.6360, 6.6500),(0.000, 270.000, 0.000)
66282435300,65.777320,(-1.7560, 1.6360, 6.6500),(0.000, 270.000, 0.000)
66296875700,65.791410,(-1.7560, 1.6360, 6.6500),(0.000, 270.000, 0.000)
66325159300,65.819600,(-1.7560, 1.6360, 6.6500),(0.000, 270.000, 0.000)
66338943700,65.833420,(-1.7560, 1.6360, 6.6500),(0.000, 270.000, 0.000)
66352543700,65.847040,(-1.7560, 1.6360, 6.6500),(0.000, 270.000, 0.000)
66366653300,65.861150,(-1.7560, 1.6360, 6.6500),(0.000, 270.000, 0.000)
66380105900,65.874980,(-1.7560, 1.6360, 6.6500),(0.000, 270.000, 0.000)
66394714500,65.889140,(-1.7560, 1.6360, 6.6500),(0.000, 270.000, 0.000)
66408420500,65.902920,(-1.7560, 1.6360, 6.6500),(0.000, 270.000, 0.000)
66421823600,65.916650,(-1.7560, 1.6360, 6.6500),(0.000, 270.000, 0.000)
66436093200,65.930600,(-1.7560, 1.6360, 6.6500),(0.000, 270.000, 0.000)
66450209600,65.944600,(-1.7560, 1.6360, 6.6500),(0.000, 270.000, 0.000)
66463550900,65.958380,(-1.7560, 1.6360, 6.6500),(0.000, 270.000, 0.000)
66477886700,65.972390,(-1.7560, 1.6360, 6.6500),(0.000, 270.000, 0.000)
66491806400,65.986380,(-1.7560, 1.6360, 6.6500),(0.000, 270.000, 0.000)
66505846100,66.000370,(-1.7560, 1.6360, 6.6500),(0.000, 270.000, 0.000)
66532640800,66.027210,(-1.7560, 1.6360, 6.6500),(0.000, 270.000, 0.000)
66547904100,66.042380,(-1.7560, 1.6360, 6.6500),(0.000, 270.000, 0.000)
66561066900,66.055930,(-1.7560, 1.6360, 6.6500),(0.000, 270.000, 0.000)
66575590500,66.070090,(-1.7560, 1.6360, 6.6500),(0.000, 270.000, 0.000)
66589971300,66.084390,(-1.7560, 1.6360, 6.6500),(0.000, 270.000, 0.000)
66602813200,66.097690,(-1.7560, 1.6360, 6.6500),(0.000, 270.000, 0.000)
66617105300,66.111590,(-1.7560, 1.6360, 6.6500),(0.000, 270.000, 0.000)
66631310700,66.125760,(-1.7560, 1.6360, 6.6500),(0.000, 270.000, 0.000)
66644728500,66.139610,(-1.7560, 1.6360, 6.6500),(0.000, 270.000, 0.000)
66659066800,66.153540,(-1.7560, 1.6360, 6.6500),(0.000, 270.000, 0.000)
66673320400,66.167760,(-1.7560, 1.6360, 6.6500),(0.000, 270.000, 0.000)
66686594800,66.181150,(-1.7560, 1.6360, 6.6500),(0.000, 270.000, 0.000)
66699912400,66.194820,(-1.7560, 1.6360, 6.6500),(0.000, 270.000, 0.000)
66714384900,66.208960,(-1.7560, 1.6360, 6.6500),(0.000, 270.000, 0.000)
66742051300,66.236640,(-1.7560, 1.6360, 6.6500),(0.000, 270.000, 0.000)
66755903600,66.250500,(-1.7560, 1.6360, 6.6500),(0.000, 270.000, 0.000)
66770174700,66.264660,(-1.7560, 1.6360, 6.6500),(0.000, 270.000, 0.000)
66783517300,66.278430,(-1.7560, 1.6360, 6.6500),(0.000, 270.000, 0.000)
66797904500,66.292520,(-1.7560, 1.6360, 6.6500),(0.000, 270.000, 0.000)
66811905500,66.306470,(-1.7560, 1.6360, 6.6500),(0.000, 270.000, 0.000)
66826074000,66.320600,(-1.7560, 1.6360, 6.6500),(0.000, 270.000, 0.000)
66839537100,66.334430,(-1.7560, 1.6360, 6.6500),(0.000, 270.000, 0.000)
66853970400,66.348480,(-1.7560, 1.6360, 6.6500),(0.000, 270.000, 0.000)
66868253900,66.362740,(-1.7560, 1.6360, 6.6500),(0.000, 270.000, 0.000)
66881232400,66.376080,(-1.7560, 1.6360, 6.6500),(0.000, 270.000, 0.000)
66895339500,66.389890,(-1.7560, 1.6360, 6.6500),(0.000, 270.000, 0.000)
66909354900,66.403940,(-1.7560, 1.6360, 6.6500),(0.000, 270.000, 0.000)
66923120900,66.417950,(-1.7560, 1.6360, 6.6500),(0.000, 270.000, 0.000)
66950397600,66.444750,(-1.7560, 1.6360, 6.6500),(0.000, 270.000, 0.000)
66964939500,66.459830,(-1.7560, 1.6360, 6.6500),(0.000, 270.000, 0.000)
66978713300,66.473360,(-1.7560, 1.6360, 6.6500),(0.000, 270.000, 0.000)
66993047300,66.487560,(-1.7560, 1.6360, 6.6500),(0.000, 270.000, 0.000)
67007087600,66.501620,(-1.7560, 1.6360, 6.6500),(0.000, 270.000, 0.000)
67020678900,66.515510,(-1.7560, 1.6360, 6.6500),(0.000, 270.000, 0.000)
67034740100,66.529310,(-1.7560, 1.6360, 6.6500),(0.000, 270.000, 0.000)
67048686900,66.543160,(-1.7560, 1.6360, 6.6500),(0.000, 270.000, 0.000)
67062320700,66.557140,(-1.7560, 1.6360, 6.6500),(0.000, 270.000, 0.000)
67076348300,66.570960,(-1.7560, 1.6360, 6.6500),(0.000, 270.000, 0.000)
67090338900,66.584910,(-1.7560, 1.6360, 6.6500),(0.000, 270.000, 0.000)
67104088800,66.598960,(-1.7560, 1.6360, 6.6500),(0.000, 270.000, 0.000)
67118207200,66.612780,(-1.7560, 1.6360, 6.6500),(0.000, 270.000, 0.000)
67132298500,66.626740,(-1.7560, 1.6360, 6.6500),(0.000, 270.000, 0.000)
67159510800,66.654100,(-1.7560, 1.6360, 6.6500),(0.000, 270.000, 0.000)
67173967600,66.668510,(-1.7560, 1.6360, 6.6500),(0.000, 270.000, 0.000)
67188780500,66.683190,(-1.7560, 1.6360, 6.6500),(0.000, 270.000, 0.000)
67201806300,66.696640,(-1.7560, 1.6360, 6.6500),(0.000, 270.000, 0.000)
67217207300,66.711030,(-1.7560, 1.6360, 6.6500),(0.000, 270.000, 0.000)
67230931300,66.725210,(-1.7560, 1.6360, 6.6500),(0.000, 270.000, 0.000)
67243856100,66.738620,(-1.7560, 1.6360, 6.6500),(0.000, 270.000, 0.000)
67257990500,66.752300,(-1.7560, 1.6360, 6.6500),(0.000, 270.000, 0.000)
67272452100,66.766730,(-1.7560, 1.6360, 6.6500),(0.000, 270.000, 0.000)
67285193300,66.779980,(-1.7560, 1.6360, 6.6500),(0.000, 270.000, 0.000)
67298895300,66.793390,(-1.7560, 1.6360, 6.6500),(0.000, 270.000, 0.000)
67312576500,66.807180,(-1.7560, 1.6360, 6.6500),(0.000, 270.000, 0.000)
67327338000,66.821830,(-1.7560, 1.6360, 6.6500),(0.000, 270.000, 0.000)
67340418800,66.835290,(-1.7560, 1.6360, 6.6500),(0.000, 270.000, 0.000)
67367924100,66.862270,(-1.7560, 1.6360, 6.6500),(0.000, 270.000, 0.000)
67382975700,66.877780,(-1.7560, 1.6360, 6.6500),(0.000, 270.000, 0.000)
67396199300,66.890720,(-1.7560, 1.6360, 6.6500),(0.000, 270.000, 0.000)
67410392400,66.904910,(-1.7560, 1.6360, 6.6500),(0.000, 270.000, 0.000)
67423773900,66.918660,(-1.7560, 1.6360, 6.6500),(0.000, 270.000, 0.000)
67438306100,66.932790,(-1.7560, 1.6360, 6.6500),(0.000, 270.000, 0.000)
67452269300,66.946790,(-1.7560, 1.6360, 6.6500),(0.000, 270.000, 0.000)
67466314100,66.960850,(-1.7560, 1.6360, 6.6500),(0.000, 270.000, 0.000)
67479586000,66.974560,(-1.7560, 1.6360, 6.6500),(0.000, 270.000, 0.000)
67493826100,66.988420,(-1.7560, 1.6360, 6.6500),(0.000, 270.000, 0.000)
67508014900,67.002540,(-1.7560, 1.6360, 6.6500),(0.000, 270.000, 0.000)
67521628100,67.016510,(-1.7560, 1.6360, 6.6500),(0.000, 270.000, 0.000)
67535895300,67.030330,(-1.7560, 1.6360, 6.6500),(0.000, 270.000, 0.000)
67549797600,67.044350,(-1.7560, 1.6360, 6.6500),(0.000, 270.000, 0.000)
67577292900,67.071810,(-1.7560, 1.6360, 6.6500),(0.000, 270.000, 0.000)
67591790900,67.086270,(-1.7560, 1.6360, 6.6500),(0.000, 270.000, 0.000)
67605601700,67.100110,(-1.7560, 1.6360, 6.6500),(0.000, 270.000, 0.000)
67619007300,67.113860,(-1.7560, 1.6360, 6.6500),(0.000, 270.000, 0.000)
67633339200,67.127850,(-1.7560, 1.6360, 6.6500),(0.000, 270.000, 0.000)
67647417200,67.141920,(-1.7560, 1.6360, 6.6500),(0.000, 270.000, 0.000)
67660585300,67.155490,(-1.7560, 1.6360, 6.6500),(0.000, 270.000, 0.000)
67675182700,67.169740,(-1.7560, 1.6360, 6.6500),(0.000, 270.000, 0.000)
67689062100,67.183570,(-1.7560, 1.6360, 6.6500),(0.000, 270.000, 0.000)
67702563700,67.197440,(-1.7560, 1.6360, 6.6500),(0.000, 270.000, 0.000)
67716721300,67.211300,(-1.7560, 1.6360, 6.6500),(0.000, 270.000, 0.000)
67730932100,67.225430,(-1.7560, 1.6360, 6.6500),(0.000, 270.000, 0.000)
67744344500,67.239250,(-1.7560, 1.6360, 6.6500),(0.000, 270.000, 0.000)
67758532400,67.253090,(-1.7560, 1.6360, 6.6500),(0.000, 270.000, 0.000)
67786039300,67.280310,(-1.7560, 1.6360, 6.6500),(0.000, 270.000, 0.000)
67799831700,67.294810,(-1.7560, 1.6360, 6.6500),(0.000, 270.000, 0.000)
67814155300,67.308720,(-1.7560, 1.6360, 6.6500),(0.000, 270.000, 0.000)
67828217300,67.322730,(-1.7560, 1.6360, 6.6500),(0.000, 270.000, 0.000)
67841822300,67.336650,(-1.7560, 1.6360, 6.6500),(0.000, 270.000, 0.000)
67856030100,67.350600,(-1.7560, 1.6360, 6.6500),(0.000, 270.000, 0.000)
67870013200,67.364560,(-1.7560, 1.6360, 6.6500),(0.000, 270.000, 0.000)
67883585300,67.378460,(-1.7560, 1.6360, 6.6500),(0.000, 270.000, 0.000)
67897836300,67.392460,(-1.7560, 1.6360, 6.6500),(0.000, 270.000, 0.000)
67911832100,67.406370,(-1.7560, 1.6360, 6.6500),(0.000, 270.000, 0.000)
67925922500,67.420370,(-1.7560, 1.6360, 6.6500),(0.000, 270.000, 0.000)
67939398900,67.434310,(-1.7560, 1.6360, 6.6500),(0.000, 270.000, 0.000)
67953633900,67.448170,(-1.7560, 1.6360, 6.6500),(0.000, 270.000, 0.000)
67967520800,67.462040,(-1.7560, 1.6360, 6.6500),(0.000, 270.000, 0.000)
67994729700,67.489310,(-1.7560, 1.6360, 6.6500),(0.000, 270.000, 0.000)
68009019300,67.503640,(-1.7560, 1.6360, 6.6500),(0.000, 270.000, 0.000)
68023154500,67.517880,(-1.7560, 1.6360, 6.6500),(0.000, 270.000, 0.000)
68037100400,67.531680,(-1.7560, 1.6360, 6.6500),(0.000, 270.000, 0.000)
68050969600,67.545520,(-1.7560, 1.6360, 6.6500),(0.000, 270.000, 0.000)
68064573700,67.559460,(-1.7560, 1.6360, 6.6500),(0.000, 270.000, 0.000)
68078751900,67.573280,(-1.7560, 1.6360, 6.6500),(0.000, 270.000, 0.000)
68092649100,67.587200,(-1.7560, 1.6360, 6.6500),(0.000, 270.000, 0.000)
68106665300,67.601220,(-1.7560, 1.6360, 6.6500),(0.000, 270.000, 0.000)
68120242000,67.615140,(-1.7560, 1.6360, 6.6500),(0.000, 270.000, 0.000)
68134482100,67.629040,(-1.7560, 1.6360, 6.6500),(0.000, 270.000, 0.000)
68148412300,67.643000,(-1.7560, 1.6360, 6.6500),(0.000, 270.000, 0.000)
68162046100,67.656930,(-1.7560, 1.6360, 6.6500),(0.000, 270.000, 0.000)
68176337200,67.670880,(-1.7560, 1.6360, 6.6500),(0.000, 270.000, 0.000)
68203692700,67.698200,(-1.7560, 1.6360, 6.6500),(0.000, 270.000, 0.000)
68217888900,67.712440,(-1.7560, 1.6360, 6.6500),(0.000, 270.000, 0.000)
68232845300,67.727190,(-1.7560, 1.6360, 6.6500),(0.000, 270.000, 0.000)
68246761300,67.741150,(-1.7560, 1.6360, 6.6500),(0.000, 270.000, 0.000)
68260461300,67.755240,(-1.7560, 1.6360, 6.6500),(0.000, 270.000, 0.000)
68274262100,67.768680,(-1.7560, 1.6360, 6.6500),(0.000, 270.000, 0.000)
68288260100,67.782650,(-1.7560, 1.6360, 6.6500),(0.000, 270.000, 0.000)
68301400900,67.796190,(-1.7560, 1.6360, 6.6500),(0.000, 270.000, 0.000)
68315806700,67.810200,(-1.7560, 1.6360, 6.6500),(0.000, 270.000, 0.000)
68329598100,67.824030,(-1.7560, 1.6360, 6.6500),(0.000, 270.000, 0.000)
68343041700,67.837890,(-1.7560, 1.6360, 6.6500),(0.000, 270.000, 0.000)
68357255300,67.851760,(-1.7560, 1.6360, 6.6500),(0.000, 270.000, 0.000)
68371250700,67.865700,(-1.7560, 1.6360, 6.6500),(0.000, 270.000, 0.000)
68384662300,67.879550,(-1.7560, 1.6360, 6.6500),(0.000, 270.000, 0.000)
68412237700,67.906510,(-1.7560, 1.6360, 6.6500),(0.000, 270.000, 0.000)
68426952000,67.921510,(-1.7560, 1.6360, 6.6500),(0.000, 270.000, 0.000)
68440366900,67.935260,(-1.7560, 1.6360, 6.6500),(0.000, 270.000, 0.000)
68454575300,67.949110,(-1.7560, 1.6360, 6.6500),(0.000, 270.000, 0.000)
68468472100,67.963020,(-1.7560, 1.6360, 6.6500),(0.000, 270.000, 0.000)
68482186400,67.977020,(-1.7560, 1.6360, 6.6500),(0.000, 270.000, 0.000)
68496750900,67.991240,(-1.7560, 1.6360, 6.6500),(0.000, 270.000, 0.000)
68510858500,68.005330,(-1.7560, 1.6360, 6.6500),(0.000, 270.000, 0.000)
68523871500,68.018780,(-1.7560, 1.6360, 6.6500),(0.000, 270.000, 0.000)
68538107900,68.032650,(-1.7560, 1.6360, 6.6500),(0.000, 270.000, 0.000)
68552266800,68.046840,(-1.7560, 1.6360, 6.6500),(0.000, 270.000, 0.000)
68566210500,68.060750,(-1.7560, 1.6360, 6.6500),(0.000, 270.000, 0.000)
68579577300,68.074470,(-1.7560, 1.6360, 6.6500),(0.000, 270.000, 0.000)
68593905300,68.088440,(-1.7560, 1.6360, 6.6500),(0.000, 270.000, 0.000)
68621430300,68.115970,(-1.7560, 1.6360, 6.6500),(0.000, 270.000, 0.000)
68635660500,68.130290,(-1.7560, 1.6360, 6.6500),(0.000, 270.000, 0.000)
68649640500,68.144170,(-1.7560, 1.6360, 6.6500),(0.000, 270.000, 0.000)
68663286000,68.158140,(-1.7560, 1.6360, 6.6500),(0.000, 270.000, 0.000)
68677343900,68.171940,(-1.7560, 1.6360, 6.6500),(0.000, 270.000, 0.000)
68691502300,68.186000,(-1.7560, 1.6360, 6.6500),(0.000, 270.000, 0.000)
68704846100,68.199780,(-1.7560, 1.6360, 6.6500),(0.000, 270.000, 0.000)
68719253300,68.213830,(-1.7560, 1.6360, 6.6500),(0.000, 270.000, 0.000)
68733269100,68.227810,(-1.7560, 1.6360, 6.6500),(0.000, 270.000, 0.000)
68747249700,68.241790,(-1.7560, 1.6360, 6.6500),(0.000, 270.000, 0.000)
68760670700,68.255540,(-1.7560, 1.6360, 6.6500),(0.000, 270.000, 0.000)
68774842500,68.269450,(-1.7560, 1.6360, 6.6500),(0.000, 270.000, 0.000)
68788916500,68.283400,(-1.7560, 1.6360, 6.6500),(0.000, 270.000, 0.000)
68802574700,68.297420,(-1.7560, 1.6360, 6.6500),(0.000, 270.000, 0.000)
68830444800,68.324810,(-1.7560, 1.6360, 6.6500),(0.000, 270.000, 0.000)
68844381900,68.339330,(-1.7560, 1.6360, 6.6500),(0.000, 270.000, 0.000)
68858555900,68.353130,(-1.7560, 1.6360, 6.6500),(0.000, 270.000, 0.000)
68872478400,68.367030,(-1.7560, 1.6360, 6.6500),(0.000, 270.000, 0.000)
68886421100,68.380870,(-1.7560, 1.6360, 6.6500),(0.000, 270.000, 0.000)
68899762700,68.394650,(-1.7560, 1.6360, 6.6500),(0.000, 270.000, 0.000)
68914079600,68.408670,(-1.7560, 1.6360, 6.6500),(0.000, 270.000, 0.000)
68928251500,68.422790,(-1.7560, 1.6360, 6.6500),(0.000, 270.000, 0.000)
68941527700,68.436480,(-1.7560, 1.6360, 6.6500),(0.000, 270.000, 0.000)
68955907300,68.450430,(-1.7560, 1.6360, 6.6500),(0.000, 270.000, 0.000)
68970091300,68.464520,(-1.7560, 1.6360, 6.6500),(0.000, 270.000, 0.000)
68983110500,68.477970,(-1.7560, 1.6360, 6.6500),(0.000, 270.000, 0.000)
68997528100,68.492130,(-1.7560, 1.6360, 6.6500),(0.000, 270.000, 0.000)
69011777100,68.506250,(-1.7560, 1.6360, 6.6500),(0.000, 270.000, 0.000)
69039140700,68.533670,(-1.7560, 1.6360, 6.6500),(0.000, 270.000, 0.000)
69053383100,68.547820,(-1.7560, 1.6360, 6.6500),(0.000, 270.000, 0.000)
69067283500,68.561840,(-1.7560, 1.6360, 6.6500),(0.000, 270.000, 0.000)
69080754700,68.575650,(-1.7560, 1.6360, 6.6500),(0.000, 270.000, 0.000)
69095543300,68.589960,(-1.7560, 1.6360, 6.6500),(0.000, 270.000, 0.000)
69109646500,68.604090,(-1.7560, 1.6360, 6.6500),(0.000, 270.000, 0.000)
69122482300,68.617400,(-1.7560, 1.6360, 6.6500),(0.000, 270.000, 0.000)
69137223300,68.631800,(-1.7560, 1.6360, 6.6500),(0.000, 270.000, 0.000)
69150923700,68.645400,(-1.7560, 1.6360, 6.6500),(0.000, 270.000, 0.000)
69164401500,68.659310,(-1.7560, 1.6360, 6.6500),(0.000, 270.000, 0.000)
69178847200,68.673300,(-1.7560, 1.6360, 6.6500),(0.000, 270.000, 0.000)
69192644100,68.687160,(-1.7560, 1.6360, 6.6500),(0.000, 270.000, 0.000)
69206482700,68.701040,(-1.7560, 1.6360, 6.6500),(0.000, 270.000, 0.000)
69220096000,68.715000,(-1.7560, 1.6360, 6.6500),(0.000, 270.000, 0.000)
69248357600,68.742700,(-1.7560, 1.6360, 6.6500),(0.000, 270.000, 0.000)
69261849500,68.756740,(-1.7560, 1.6360, 6.6500),(0.000, 270.000, 0.000)
69276163900,68.770720,(-1.7560, 1.6360, 6.6500),(0.000, 270.000, 0.000)
69290221300,68.784780,(-1.7560, 1.6360, 6.6500),(0.000, 270.000, 0.000)
69303733900,68.798620,(-1.7560, 1.6360, 6.6500),(0.000, 270.000, 0.000)
69318244100,68.812770,(-1.7560, 1.6360, 6.6500),(0.000, 270.000, 0.000)
69332064500,68.826570,(-1.7560, 1.6360, 6.6500),(0.000, 270.000, 0.000)
69346217200,68.840720,(-1.7560, 1.6360, 6.6500),(0.000, 270.000, 0.000)
69359461300,68.854370,(-1.7560, 1.6360, 6.6500),(0.000, 270.000, 0.000)
69373655100,68.868230,(-1.7560, 1.6360, 6.6500),(0.000, 270.000, 0.000)
69387622400,68.882170,(-1.7560, 1.6360, 6.6500),(0.000, 270.000, 0.000)
69401157700,68.896040,(-1.7560, 1.6360, 6.6500),(0.000, 270.000, 0.000)
69415253700,68.909870,(-1.7560, 1.6360, 6.6500),(0.000, 270.000, 0.000)
69429542500,68.924100,(-1.7560, 1.6360, 6.6500),(0.000, 270.000, 0.000)
69456713700,68.951250,(-1.7560, 1.6360, 6.6500),(0.000, 270.000, 0.000)
69471425600,68.966010,(-1.7560, 1.6360, 6.6500),(0.000, 270.000, 0.000)
69484518500,68.979430,(-1.7560, 1.6360, 6.6500),(0.000, 270.000, 0.000)
69498908400,68.993410,(-1.7560, 1.6360, 6.6500),(0.000, 270.000, 0.000)
69512734400,69.007240,(-1.7560, 1.6360, 6.6500),(0.000, 270.000, 0.000)
69526939200,69.021470,(-1.7560, 1.6360, 6.6500),(0.000, 270.000, 0.000)
69540304900,69.035210,(-1.7560, 1.6360, 6.6500),(0.000, 270.000, 0.000)
69554791900,69.049390,(-1.7560, 1.6360, 6.6500),(0.000, 270.000, 0.000)
69568604800,69.063140,(-1.7560, 1.6360, 6.6500),(0.000, 270.000, 0.000)
69582220700,69.077100,(-1.7560, 1.6360, 6.6500),(0.000, 270.000, 0.000)
69596366000,69.090950,(-1.7560, 1.6360, 6.6500),(0.000, 270.000, 0.000)
69610700500,69.105210,(-1.7560, 1.6360, 6.6500),(0.000, 270.000, 0.000)
69624240300,69.119160,(-1.7560, 1.6360, 6.6500),(0.000, 270.000, 0.000)
69638148100,69.132650,(-1.7560, 1.6360, 6.6500),(0.000, 270.000, 0.000)
69665872900,69.160210,(-1.7560, 1.6360, 6.6500),(0.000, 270.000, 0.000)
69679562000,69.174470,(-1.7560, 1.6360, 6.6500),(0.000, 270.000, 0.000)
69693789500,69.188390,(-1.7560, 1.6360, 6.6500),(0.000, 270.000, 0.000)
69707908900,69.202380,(-1.7560, 1.6360, 6.6500),(0.000, 270.000, 0.000)
69721322400,69.216250,(-1.7560, 1.6360, 6.6500),(0.000, 270.000, 0.000)
69735499700,69.230100,(-1.7560, 1.6360, 6.6500),(0.000, 270.000, 0.000)
69749590400,69.244140,(-1.7560, 1.6360, 6.6500),(0.000, 270.000, 0.000)
69763278300,69.258100,(-1.7560, 1.6360, 6.6500),(0.000, 270.000, 0.000)
69777518400,69.272030,(-1.7560, 1.6360, 6.6500),(0.000, 270.000, 0.000)
69791549100,69.286060,(-1.7560, 1.6360, 6.6500),(0.000, 270.000, 0.000)
69804968100,69.299900,(-1.7560, 1.6360, 6.6500),(0.000, 270.000, 0.000)
69819130900,69.313750,(-1.7560, 1.6360, 6.6500),(0.000, 270.000, 0.000)
69833194900,69.327680,(-1.7560, 1.6360, 6.6500),(0.000, 270.000, 0.000)
69847161300,69.341700,(-1.7560, 1.6360, 6.6500),(0.000, 270.000, 0.000)
69874398900,69.368990,(-1.7560, 1.6360, 6.6500),(0.000, 270.000, 0.000)
69888889700,69.383510,(-1.7560, 1.6360, 6.6500),(0.000, 270.000, 0.000)
69902429200,69.397270,(-1.7560, 1.6360, 6.6500),(0.000, 270.000, 0.000)
69916704300,69.411290,(-1.7560, 1.6360, 6.6500),(0.000, 270.000, 0.000)
69930703300,69.425160,(-1.7560, 1.6360, 6.6500),(0.000, 270.000, 0.000)
69944118000,69.439020,(-1.7560, 1.6360, 6.6500),(0.000, 270.000, 0.000)
69958431200,69.452960,(-1.7560, 1.6360, 6.6500),(0.000, 270.000, 0.000)
69972587900,69.467130,(-1.7560, 1.6360, 6.6500),(0.000, 270.000, 0.000)
69986178900,69.480750,(-1.7560, 1.6360, 6.6500),(0.000, 270.000, 0.000)
69999884900,69.494780,(-1.7560, 1.6360, 6.6500),(0.000, 270.000, 0.000)
70014203700,69.508760,(-1.7560, 1.6360, 6.6500),(0.000, 270.000, 0.000)
70028073900,69.522620,(-1.7560, 1.6360, 6.6500),(0.000, 270.000, 0.000)
70041614500,69.536520,(-1.7560, 1.6360, 6.6500),(0.000, 270.000, 0.000)
70055524100,69.550220,(-1.7560, 1.6360, 6.6500),(0.000, 270.000, 0.000)
70083494100,69.577990,(-1.7560, 1.6360, 6.6500),(0.000, 270.000, 0.000)
70097712800,69.592330,(-1.7560, 1.6360, 6.6500),(0.000, 270.000, 0.000)
70111616900,69.606190,(-1.7560, 1.6360, 6.6500),(0.000, 270.000, 0.000)
70125695900,69.620230,(-1.7560, 1.6360, 6.6500),(0.000, 270.000, 0.000)
70138982300,69.633850,(-1.7560, 1.6360, 6.6500),(0.000, 270.000, 0.000)
70153324900,69.647850,(-1.7560, 1.6360, 6.6500),(0.000, 270.000, 0.000)
70167344900,69.661900,(-1.7560, 1.6360, 6.6500),(0.000, 270.000, 0.000)
70180933200,69.675780,(-1.7560, 1.6360, 6.6500),(0.000, 270.000, 0.000)
70195012700,69.689600,(-1.7560, 1.6360, 6.6500),(0.000, 270.000, 0.000)
70209008800,69.703540,(-1.7560, 1.6360, 6.6500),(0.000, 270.000, 0.000)
70222533700,69.717430,(-1.7560, 1.6360, 6.6500),(0.000, 270.000, 0.000)
70236781900,69.731360,(-1.7560, 1.6360, 6.6500),(0.000, 270.000, 0.000)
70250815300,69.745360,(-1.7560, 1.6360, 6.6500),(0.000, 270.000, 0.000)
70264609700,69.759510,(-1.7560, 1.6360, 6.6500),(0.000, 270.000, 0.000)
70292524900,69.786830,(-1.7560, 1.6360, 6.6500),(0.000, 270.000, 0.000)
70306661300,69.801190,(-1.7560, 1.6360, 6.6500),(0.000, 270.000, 0.000)
70320054100,69.814990,(-1.7560, 1.6360, 6.6500),(0.000, 270.000, 0.000)
70334582300,69.829000,(-1.7560, 1.6360, 6.6500),(0.000, 270.000, 0.000)
70348458400,69.842930,(-1.7560, 1.6360, 6.6500),(0.000, 270.000, 0.000)
70361670800,69.856620,(-1.7560, 1.6360, 6.6500),(0.000, 270.000, 0.000)
70375869200,69.870520,(-1.7560, 1.6360, 6.6500),(0.000, 270.000, 0.000)
70390020700,69.884570,(-1.7560, 1.6360, 6.6500),(0.000, 270.000, 0.000)
70403727200,69.898630,(-1.7560, 1.6360, 6.6500),(0.000, 270.000, 0.000)
70417895900,69.912460,(-1.7560, 1.6360, 6.6500),(0.000, 270.000, 0.000)
70432047200,69.926560,(-1.7560, 1.6360, 6.6500),(0.000, 270.000, 0.000)
70445871200,69.940410,(-1.7560, 1.6360, 6.6500),(0.000, 270.000, 0.000)
70459210900,69.954140,(-1.7560, 1.6360, 6.6500),(0.000, 270.000, 0.000)
70474111700,69.968570,(-1.7560, 1.6360, 6.6500),(0.000, 270.000, 0.000)
70501003600,69.995570,(-1.7560, 1.6360, 6.6500),(0.000, 270.000, 0.000)
70515162400,70.009770,(-1.7560, 1.6360, 6.6500),(0.000, 270.000, 0.000)
70529315700,70.023860,(-1.7560, 1.6360, 6.6500),(0.000, 270.000, 0.000)
70542729300,70.037590,(-1.7560, 1.6360, 6.6500),(0.000, 270.000, 0.000)
70557651900,70.052160,(-1.7560, 1.6360, 6.6500),(0.000, 270.000, 0.000)
70571074900,70.065610,(-1.7560, 1.6360, 6.6500),(0.000, 270.000, 0.000)
70584535100,70.079440,(-1.7560, 1.6360, 6.6500),(0.000, 270.000, 0.000)
70598860900,70.093380,(-1.7560, 1.6360, 6.6500),(0.000, 270.000, 0.000)
70612788400,70.107300,(-1.7560, 1.6360, 6.6500),(0.000, 270.000, 0.000)
70626856000,70.121420,(-1.7560, 1.6360, 6.6500),(0.000, 270.000, 0.000)
70640318400,70.135230,(-1.7560, 1.6360, 6.6500),(0.000, 270.000, 0.000)
70654509500,70.149080,(-1.7560, 1.6360, 6.6500),(0.000, 270.000, 0.000)
70668554700,70.163170,(-1.7560, 1.6360, 6.6500),(0.000, 270.000, 0.000)
70682106100,70.176990,(-1.7560, 1.6360, 6.6500),(0.000, 270.000, 0.000)
70710098100,70.204490,(-1.7560, 1.6360, 6.6500),(0.000, 270.000, 0.000)
70724039600,70.218830,(-1.7560, 1.6360, 6.6500),(0.000, 270.000, 0.000)
70738108400,70.232730,(-1.7560, 1.6360, 6.6500),(0.000, 270.000, 0.000)
70752410400,70.246810,(-1.7560, 1.6360, 6.6500),(0.000, 270.000, 0.000)
70766326900,70.260860,(-1.7560, 1.6360, 6.6500),(0.000, 270.000, 0.000)
70779652100,70.274560,(-1.7560, 1.6360, 6.6500),(0.000, 270.000, 0.000)
70794279900,70.288720,(-1.7560, 1.6360, 6.6500),(0.000, 270.000, 0.000)
70808004100,70.302460,(-1.7560, 1.6360, 6.6500),(0.000, 270.000, 0.000)
70821355100,70.316300,(-1.7560, 1.6360, 6.6500),(0.000, 270.000, 0.000)
70835260100,70.329860,(-1.7560, 1.6360, 6.6500),(0.000, 270.000, 0.000)
70849538500,70.344060,(-1.7560, 1.6360, 6.6500),(0.000, 270.000, 0.000)
70862827500,70.357730,(-1.7560, 1.6360, 6.6500),(0.000, 270.000, 0.000)
70877367500,70.371960,(-1.7560, 1.6360, 6.6500),(0.000, 270.000, 0.000)
70891255300,70.385820,(-1.7560, 1.6360, 6.6500),(0.000, 270.000, 0.000)
70918982100,70.413450,(-1.7560, 1.6360, 6.6500),(0.000, 270.000, 0.000)
70933177900,70.427710,(-1.7560, 1.6360, 6.6500),(0.000, 270.000, 0.000)
70947026500,70.441600,(-1.7560, 1.6360, 6.6500),(0.000, 270.000, 0.000)
70960486400,70.455390,(-1.7560, 1.6360, 6.6500),(0.000, 270.000, 0.000)
70974759500,70.469320,(-1.7560, 1.6360, 6.6500),(0.000, 270.000, 0.000)
70988707700,70.483280,(-1.7560, 1.6360, 6.6500),(0.000, 270.000, 0.000)
71002296900,70.497150,(-1.7560, 1.6360, 6.6500),(0.000, 270.000, 0.000)
71016545900,70.511040,(-1.7560, 1.6360, 6.6500),(0.000, 270.000, 0.000)
71030579700,70.525140,(-1.7560, 1.6360, 6.6500),(0.000, 270.000, 0.000)
71044650000,70.539140,(-1.7560, 1.6360, 6.6500),(0.000, 270.000, 0.000)
71058444900,70.552980,(-1.7560, 1.6360, 6.6500),(0.000, 270.000, 0.000)
71072866100,70.567430,(-1.7560, 1.6360, 6.6500),(0.000, 270.000, 0.000)
71086251500,70.580800,(-1.7560, 1.6360, 6.6500),(0.000, 270.000, 0.000)
71099613700,70.594560,(-1.7560, 1.6360, 6.6500),(0.000, 270.000, 0.000)
71128174500,70.622480,(-1.7560, 1.6360, 6.6500),(0.000, 270.000, 0.000)
71141572900,70.636470,(-1.7560, 1.6360, 6.6500),(0.000, 270.000, 0.000)
71155773700,70.650340,(-1.7560, 1.6360, 6.6500),(0.000, 270.000, 0.000)
71169639300,70.664200,(-1.7560, 1.6360, 6.6500),(0.000, 270.000, 0.000)
71183193700,70.678090,(-1.7560, 1.6360, 6.6500),(0.000, 270.000, 0.000)
71197556500,70.692070,(-1.7560, 1.6360, 6.6500),(0.000, 270.000, 0.000)
71211570300,70.706120,(-1.7560, 1.6360, 6.6500),(0.000, 270.000, 0.000)
71224928500,70.719860,(-1.7560, 1.6360, 6.6500),(0.000, 270.000, 0.000)
71239219700,70.733810,(-1.7560, 1.6360, 6.6500),(0.000, 270.000, 0.000)
71253121300,70.747700,(-1.7560, 1.6360, 6.6500),(0.000, 270.000, 0.000)
71267388900,70.761890,(-1.7560, 1.6360, 6.6500),(0.000, 270.000, 0.000)
71280721300,70.775650,(-1.7560, 1.6360, 6.6500),(0.000, 270.000, 0.000)
71294839700,70.789420,(-1.7560, 1.6360, 6.6500),(0.000, 270.000, 0.000)
71308955600,70.803500,(-1.7560, 1.6360, 6.6500),(0.000, 270.000, 0.000)
71336814100,70.831370,(-1.7560, 1.6360, 6.6500),(0.000, 270.000, 0.000)
71350819100,70.845430,(-1.7560, 1.6360, 6.6500),(0.000, 270.000, 0.000)
71364198900,70.859090,(-1.7560, 1.6360, 6.6500),(0.000, 270.000, 0.000)
71379031600,70.873550,(-1.7560, 1.6360, 6.6500),(0.000, 270.000, 0.000)
71392346900,70.886950,(-1.7560, 1.6360, 6.6500),(0.000, 270.000, 0.000)
71406378000,70.900920,(-1.7560, 1.6360, 6.6500),(0.000, 270.000, 0.000)
71419840900,70.914780,(-1.7560, 1.6360, 6.6500),(0.000, 270.000, 0.000)
71434115100,70.928700,(-1.7560, 1.6360, 6.6500),(0.000, 270.000, 0.000)
71448362400,70.942790,(-1.7560, 1.6360, 6.6500),(0.000, 270.000, 0.000)
71461784500,70.956700,(-1.7560, 1.6360, 6.6500),(0.000, 270.000, 0.000)
71476312800,70.970860,(-1.7560, 1.6360, 6.6500),(0.000, 270.000, 0.000)
71490232000,70.984730,(-1.7560, 1.6360, 6.6500),(0.000, 270.000, 0.000)
71503541100,70.998400,(-1.7560, 1.6360, 6.6500),(0.000, 270.000, 0.000)
71517886500,71.012440,(-1.7560, 1.6360, 6.6500),(0.000, 270.000, 0.000)
71545801700,71.040110,(-1.7560, 1.6360, 6.6500),(0.000, 270.000, 0.000)
71559214100,71.054110,(-1.7560, 1.6360, 6.6500),(0.000, 270.000, 0.000)
71573448500,71.067990,(-1.7560, 1.6360, 6.6500),(0.000, 270.000, 0.000)
71587365300,71.081890,(-1.7560, 1.6360, 6.6500),(0.000, 270.000, 0.000)
71600891100,71.095770,(-1.7560, 1.6360, 6.6500),(0.000, 270.000, 0.000)
71615216700,71.109810,(-1.7560, 1.6360, 6.6500),(0.000, 270.000, 0.000)
71629012900,71.123600,(-1.7560, 1.6360, 6.6500),(0.000, 270.000, 0.000)
71642737700,71.137660,(-1.7560, 1.6360, 6.6500),(0.000, 270.000, 0.000)
71656912000,71.151470,(-1.7560, 1.6360, 6.6500),(0.000, 270.000, 0.000)
71670997700,71.165570,(-1.7560, 1.6360, 6.6500),(0.000, 270.000, 0.000)
71684644100,71.179580,(-1.7560, 1.6360, 6.6500),(0.000, 270.000, 0.000)
71698633700,71.193280,(-1.7560, 1.6360, 6.6500),(0.000, 270.000, 0.000)
71712687700,71.207260,(-1.7560, 1.6360, 6.6500),(0.000, 270.000, 0.000)
71726645300,71.221210,(-1.7560, 1.6360, 6.6500),(0.000, 270.000, 0.000)
71754150100,71.248760,(-1.7560, 1.6360, 6.6500),(0.000, 270.000, 0.000)
71768365300,71.262910,(-1.7560, 1.6360, 6.6500),(0.000, 270.000, 0.000)
71781730500,71.276630,(-1.7560, 1.6360, 6.6500),(0.000, 270.000, 0.000)
71795686100,71.290270,(-1.7560, 1.6360, 6.6500),(0.000, 270.000, 0.000)
71810089200,71.304550,(-1.7560, 1.6360, 6.6500),(0.000, 270.000, 0.000)
71823415500,71.318360,(-1.7560, 1.6360, 6.6500),(0.000, 270.000, 0.000)
71837720800,71.332290,(-1.7560, 1.6360, 6.6500),(0.000, 270.000, 0.000)
71851757100,71.346220,(-1.7560, 1.6360, 6.6500),(0.000, 270.000, 0.000)
71865441700,71.360010,(-1.7560, 1.6360, 6.6500),(0.000, 270.000, 0.000)
71878793600,71.373730,(-1.7560, 1.6360, 6.6500),(0.000, 270.000, 0.000)
71893114900,71.387660,(-1.7560, 1.6360, 6.6500),(0.000, 270.000, 0.000)
71907039300,71.401600,(-1.7560, 1.6360, 6.6500),(0.000, 270.000, 0.000)
71920336400,71.415300,(-1.7560, 1.6360, 6.6500),(0.000, 270.000, 0.000)
71934576900,71.429150,(-1.7560, 1.6360, 6.6500),(0.000, 270.000, 0.000)
71962327900,71.456880,(-1.7560, 1.6360, 6.6500),(0.000, 270.000, 0.000)
71976229700,71.470790,(-1.7560, 1.6360, 6.6500),(0.000, 270.000, 0.000)
71989951500,71.484510,(-1.7560, 1.6360, 6.6500),(0.000, 270.000, 0.000)
72003862100,71.498630,(-1.7560, 1.6360, 6.6500),(0.000, 270.000, 0.000)
72017995700,71.512470,(-1.7560, 1.6360, 6.6500),(0.000, 270.000, 0.000)
72031704900,71.526290,(-1.7560, 1.6360, 6.6500),(0.000, 270.000, 0.000)
72045858000,71.540360,(-1.7560, 1.6360, 6.6500),(0.000, 270.000, 0.000)
72059167300,71.554050,(-1.7560, 1.6360, 6.6500),(0.000, 270.000, 0.000)
72073354700,71.567950,(-1.7560, 1.6360, 6.6500),(0.000, 270.000, 0.000)
72087541100,71.582120,(-1.7560, 1.6360, 6.6500),(0.000, 270.000, 0.000)
72100802100,71.595730,(-1.7560, 1.6360, 6.6500),(0.000, 270.000, 0.000)
72115210100,71.609760,(-1.7560, 1.6360, 6.6500),(0.000, 270.000, 0.000)
72129156500,71.623730,(-1.7560, 1.6360, 6.6500),(0.000, 270.000, 0.000)
72142810900,71.637660,(-1.7560, 1.6360, 6.6500),(0.000, 270.000, 0.000)
72171330900,71.665660,(-1.7560, 1.6360, 6.6500),(0.000, 270.000, 0.000)
72184546800,71.679440,(-1.7560, 1.6360, 6.6500),(0.000, 270.000, 0.000)
72198781100,71.693280,(-1.7560, 1.6360, 6.6500),(0.000, 270.000, 0.000)
72212410100,71.707020,(-1.7560, 1.6360, 6.6500),(0.000, 270.000, 0.000)
72226690500,71.721210,(-1.7560, 1.6360, 6.6500),(0.000, 270.000, 0.000)
72239779300,71.734700,(-1.7560, 1.6360, 6.6500),(0.000, 270.000, 0.000)
72254016100,71.748560,(-1.7560, 1.6360, 6.6500),(0.000, 270.000, 0.000)
72267957700,71.762500,(-1.7560, 1.6360, 6.6500),(0.000, 270.000, 0.000)
72281340500,71.776250,(-1.7560, 1.6360, 6.6500),(0.000, 270.000, 0.000)
72295282500,71.789860,(-1.7560, 1.6360, 6.6500),(0.000, 270.000, 0.000)
72309383200,71.803980,(-1.7560, 1.6360, 6.6500),(0.000, 270.000, 0.000)
72323012400,71.817940,(-1.7560, 1.6360, 6.6500),(0.000, 270.000, 0.000)
72337203300,71.831790,(-1.7560, 1.6360, 6.6500),(0.000, 270.000, 0.000)
72351373100,71.845880,(-1.7560, 1.6360, 6.6500),(0.000, 270.000, 0.000)
72379284500,71.873910,(-1.7560, 1.6360, 6.6500),(0.000, 270.000, 0.000)
72393005500,71.887580,(-1.7560, 1.6360, 6.6500),(0.000, 270.000, 0.000)
72407001700,71.901500,(-1.7560, 1.6360, 6.6500),(0.000, 270.000, 0.000)
72420042700,71.914960,(-1.7560, 1.6360, 6.6500),(0.000, 270.000, 0.000)
72434681600,71.929120,(-1.7560, 1.6360, 6.6500),(0.000, 270.000, 0.000)
72448271300,71.942830,(-1.7560, 1.6360, 6.6500),(0.000, 270.000, 0.000)
72461908100,71.956820,(-1.7560, 1.6360, 6.6500),(0.000, 270.000, 0.000)
72476048900,71.970580,(-1.7560, 1.6360, 6.6500),(0.000, 270.000, 0.000)
72490077200,71.984650,(-1.7560, 1.6360, 6.6500),(0.000, 270.000, 0.000)
72503639600,71.998560,(-1.7560, 1.6360, 6.6500),(0.000, 270.000, 0.000)
72517885600,72.012470,(-1.7560, 1.6360, 6.6500),(0.000, 270.000, 0.000)
72531874100,72.026440,(-1.7560, 1.6360, 6.6500),(0.000, 270.000, 0.000)
72545647100,72.040170,(-1.7560, 1.6360, 6.6500),(0.000, 270.000, 0.000)
72559210500,72.054070,(-1.7560, 1.6360, 6.6500),(0.000, 270.000, 0.000)
72587725600,72.082040,(-1.7560, 1.6360, 6.6500),(0.000, 270.000, 0.000)
72600962500,72.095900,(-1.7560, 1.6360, 6.6500),(0.000, 270.000, 0.000)
72615048400,72.109590,(-1.7560, 1.6360, 6.6500),(0.000, 270.000, 0.000)
72629032900,72.123540,(-1.7560, 1.6360, 6.6500),(0.000, 270.000, 0.000)
72642423900,72.137310,(-1.7560, 1.6360, 6.6500),(0.000, 270.000, 0.000)
72656551700,72.151130,(-1.7560, 1.6360, 6.6500),(0.000, 270.000, 0.000)
72670587300,72.165090,(-1.7560, 1.6360, 6.6500),(0.000, 270.000, 0.000)
72684288100,72.179150,(-1.7560, 1.6360, 6.6500),(0.000, 270.000, 0.000)
72698382900,72.192960,(-1.7560, 1.6360, 6.6500),(0.000, 270.000, 0.000)
72712568100,72.207120,(-1.7560, 1.6360, 6.6500),(0.000, 270.000, 0.000)
72726651100,72.221180,(-1.7560, 1.6360, 6.6500),(0.000, 270.000, 0.000)
72739481100,72.234440,(-1.7560, 1.6360, 6.6500),(0.000, 270.000, 0.000)
72754125200,72.248630,(-1.7560, 1.6360, 6.6500),(0.000, 270.000, 0.000)
72768002900,72.262560,(-1.7560, 1.6360, 6.6500),(0.000, 270.000, 0.000)
72795852500,72.290430,(-1.7560, 1.6360, 6.6500),(0.000, 270.000, 0.000)
72809907300,72.304400,(-1.7560, 1.6360, 6.6500),(0.000, 270.000, 0.000)
72823038700,72.317950,(-1.7560, 1.6360, 6.6500),(0.000, 270.000, 0.000)
72837294000,72.331860,(-1.7560, 1.6360, 6.6500),(0.000, 270.000, 0.000)
72851610100,72.346090,(-1.7560, 1.6360, 6.6500),(0.000, 270.000, 0.000)
72865077700,72.359990,(-1.7560, 1.6360, 6.6500),(0.000, 270.000, 0.000)
72879327200,72.373870,(-1.7560, 1.6360, 6.6500),(0.000, 270.000, 0.000)
72893041100,72.387680,(-1.7560, 1.6360, 6.6500),(0.000, 270.000, 0.000)
72907238500,72.401760,(-1.7560, 1.6360, 6.6500),(0.000, 270.000, 0.000)
72920672700,72.415570,(-1.7560, 1.6360, 6.6500),(0.000, 270.000, 0.000)
72934932100,72.429500,(-1.7560, 1.6360, 6.6500),(0.000, 270.000, 0.000)
72948960900,72.443520,(-1.7560, 1.6360, 6.6500),(0.000, 270.000, 0.000)
72962398800,72.457280,(-1.7560, 1.6360, 6.6500),(0.000, 270.000, 0.000)
72976810500,72.471280,(-1.7560, 1.6360, 6.6500),(0.000, 270.000, 0.000)
73004654500,72.499170,(-1.7560, 1.6360, 6.6500),(0.000, 270.000, 0.000)
73018532000,72.513050,(-1.7560, 1.6360, 6.6500),(0.000, 270.000, 0.000)
73032495300,72.527010,(-1.7560, 1.6360, 6.6500),(0.000, 270.000, 0.000)
73046153600,72.540780,(-1.7560, 1.6360, 6.6500),(0.000, 270.000, 0.000)
73059786300,72.554760,(-1.7560, 1.6360, 6.6500),(0.000, 270.000, 0.000)
73074306900,72.568860,(-1.7560, 1.6360, 6.6500),(0.000, 270.000, 0.000)
73088102000,72.582640,(-1.7560, 1.6360, 6.6500),(0.000, 270.000, 0.000)
73101757600,72.596710,(-1.7560, 1.6360, 6.6500),(0.000, 270.000, 0.000)
73115898800,72.610500,(-1.7560, 1.6360, 6.6500),(0.000, 270.000, 0.000)
73129893600,72.624470,(-1.7560, 1.6360, 6.6500),(0.000, 270.000, 0.000)
73143370000,72.638240,(-1.7560, 1.6360, 6.6500),(0.000, 270.000, 0.000)
73157716000,72.652330,(-1.7560, 1.6360, 6.6500),(0.000, 270.000, 0.000)
73171688100,72.666250,(-1.7560, 1.6360, 6.6500),(0.000, 270.000, 0.000)
73185615500,72.680170,(-1.7560, 1.6360, 6.6500),(0.000, 270.000, 0.000)
73213963700,72.708360,(-1.7560, 1.6360, 6.6500),(0.000, 270.000, 0.000)
73227437200,72.722020,(-1.7560, 1.6360, 6.6500),(0.000, 270.000, 0.000)
73240825100,72.735750,(-1.7560, 1.6360, 6.6500),(0.000, 270.000, 0.000)
73255270100,72.749840,(-1.7560, 1.6360, 6.6500),(0.000, 270.000, 0.000)
73269091300,72.763680,(-1.7560, 1.6360, 6.6500),(0.000, 270.000, 0.000)
73282885300,72.777750,(-1.7560, 1.6360, 6.6500),(0.000, 270.000, 0.000)
73296858100,72.791420,(-1.7560, 1.6360, 6.6500),(0.000, 270.000, 0.000)
73310801900,72.805380,(-1.7560, 1.6360, 6.6500),(0.000, 270.000, 0.000)
73324526100,72.819420,(-1.7560, 1.6360, 6.6500),(0.000, 270.000, 0.000)
73338875500,72.833380,(-1.7560, 1.6360, 6.6500),(0.000, 270.000, 0.000)
73352909600,72.847430,(-1.7560, 1.6360, 6.6500),(0.000, 270.000, 0.000)
73366469700,72.861050,(-1.7560, 1.6360, 6.6500),(0.000, 270.000, 0.000)
73379991900,72.874940,(-1.7560, 1.6360, 6.6500),(0.000, 270.000, 0.000)
73394561200,72.889050,(-1.7560, 1.6360, 6.6500),(0.000, 270.000, 0.000)
73422720100,72.917170,(-1.7560, 1.6360, 6.6500),(0.000, 270.000, 0.000)
73436187900,72.930850,(-1.7560, 1.6360, 6.6500),(0.000, 270.000, 0.000)
73450004500,72.944540,(-1.7560, 1.6360, 6.6500),(0.000, 270.000, 0.000)
73463234900,72.958160,(-1.7560, 1.6360, 6.6500),(0.000, 270.000, 0.000)
73478013700,72.972560,(-1.7560, 1.6360, 6.6500),(0.000, 270.000, 0.000)
73491854900,72.986430,(-1.7560, 1.6360, 6.6500),(0.000, 270.000, 0.000)
73505911300,73.000490,(-1.7560, 1.6360, 6.6500),(0.000, 270.000, 0.000)
73519234500,73.014160,(-1.7560, 1.6360, 6.6500),(0.000, 270.000, 0.000)
73533834700,73.028340,(-1.7560, 1.6360, 6.6500),(0.000, 270.000, 0.000)
73547794100,73.042370,(-1.7560, 1.6360, 6.6500),(0.000, 270.000, 0.000)
73561218500,73.056100,(-1.7560, 1.6360, 6.6500),(0.000, 270.000, 0.000)
73575426000,73.069990,(-1.7560, 1.6360, 6.6500),(0.000, 270.000, 0.000)
73589611200,73.084080,(-1.7560, 1.6360, 6.6500),(0.000, 270.000, 0.000)
73602897600,73.097750,(-1.7560, 1.6360, 6.6500),(0.000, 270.000, 0.000)
73631884300,73.126170,(-1.7560, 1.6360, 6.6500),(0.000, 270.000, 0.000)
73644496500,73.139420,(-1.7560, 1.6360, 6.6500),(0.000, 270.000, 0.000)
73659118100,73.153630,(-1.7560, 1.6360, 6.6500),(0.000, 270.000, 0.000)
73672858100,73.167470,(-1.7560, 1.6360, 6.6500),(0.000, 270.000, 0.000)
73687053900,73.181630,(-1.7560, 1.6360, 6.6500),(0.000, 270.000, 0.000)
73700366100,73.195280,(-1.7560, 1.6360, 6.6500),(0.000, 270.000, 0.000)
73714358300,73.208980,(-1.7560, 1.6360, 6.6500),(0.000, 270.000, 0.000)
73728834900,73.223260,(-1.7560, 1.6360, 6.6500),(0.000, 270.000, 0.000)
73742364400,73.237210,(-1.7560, 1.6360, 6.6500),(0.000, 270.000, 0.000)
73756436500,73.251040,(-1.7560, 1.6360, 6.6500),(0.000, 270.000, 0.000)
73770296700,73.264870,(-1.7560, 1.6360, 6.6500),(0.000, 270.000, 0.000)
73783833100,73.278750,(-1.7560, 1.6360, 6.6500),(0.000, 270.000, 0.000)
73798297900,73.292880,(-1.7560, 1.6360, 6.6500),(0.000, 270.000, 0.000)
73812206500,73.306720,(-1.7560, 1.6360, 6.6500),(0.000, 270.000, 0.000)
73840506800,73.334980,(-1.7560, 1.6360, 6.6500),(0.000, 270.000, 0.000)
73853824900,73.348430,(-1.7560, 1.6360, 6.6500),(0.000, 270.000, 0.000)
73867726500,73.362260,(-1.7560, 1.6360, 6.6500),(0.000, 270.000, 0.000)
73881389700,73.376320,(-1.7560, 1.6360, 6.6500),(0.000, 270.000, 0.000)
73895533300,73.390110,(-1.7560, 1.6360, 6.6500),(0.000, 270.000, 0.000)
73909481500,73.404090,(-1.7560, 1.6360, 6.6500),(0.000, 270.000, 0.000)
73923064900,73.417920,(-1.7560, 1.6360, 6.6500),(0.000, 270.000, 0.000)
73937464800,73.432000,(-1.7560, 1.6360, 6.6500),(0.000, 270.000, 0.000)
73951468800,73.446030,(-1.7560, 1.6360, 6.6500),(0.000, 270.000, 0.000)
73965903300,73.460440,(-1.7560, 1.6360, 6.6500),(0.000, 270.000, 0.000)
73979664100,73.474530,(-1.7560, 1.6360, 6.6500),(0.000, 270.000, 0.000)
73993632500,73.488040,(-1.7560, 1.6360, 6.6500),(0.000, 270.000, 0.000)
74007618900,73.502100,(-1.7560, 1.6360, 6.6500),(0.000, 270.000, 0.000)
74021450800,73.516230,(-1.7560, 1.6360, 6.6500),(0.000, 270.000, 0.000)
74049835300,73.544080,(-1.7560, 1.6360, 6.6500),(0.000, 270.000, 0.000)
74063027700,73.557820,(-1.7560, 1.6360, 6.6500),(0.000, 270.000, 0.000)
74077194700,73.571670,(-1.7560, 1.6360, 6.6500),(0.000, 270.000, 0.000)
74091188300,73.585650,(-1.7560, 1.6360, 6.6500),(0.000, 270.000, 0.000)
74104477700,73.599380,(-1.7560, 1.6360, 6.6500),(0.000, 270.000, 0.000)
74119014500,73.613590,(-1.7560, 1.6360, 6.6500),(0.000, 270.000, 0.000)
74133052400,73.627440,(-1.7560, 1.6360, 6.6500),(0.000, 270.000, 0.000)
74146777700,73.641290,(-1.7560, 1.6360, 6.6500),(0.000, 270.000, 0.000)
74160290100,73.655170,(-1.7560, 1.6360, 6.6500),(0.000, 270.000, 0.000)
74174904000,73.669260,(-1.7560, 1.6360, 6.6500),(0.000, 270.000, 0.000)
74188419600,73.682940,(-1.7560, 1.6360, 6.6500),(0.000, 270.000, 0.000)
74202162000,73.697020,(-1.7560, 1.6360, 6.6500),(0.000, 270.000, 0.000)
74216384500,73.710870,(-1.7560, 1.6360, 6.6500),(0.000, 270.000, 0.000)
74230229500,73.724790,(-1.7560, 1.6360, 6.6500),(0.000, 270.000, 0.000)
74258424800,73.752930,(-1.7560, 1.6360, 6.6500),(0.000, 270.000, 0.000)
74272218500,73.766740,(-1.7560, 1.6360, 6.6500),(0.000, 270.000, 0.000)
74286071200,73.780620,(-1.7560, 1.6360, 6.6500),(0.000, 270.000, 0.000)
74299524800,73.794460,(-1.7560, 1.6360, 6.6500),(0.000, 270.000, 0.000)
74314138800,73.808620,(-1.7560, 1.6360, 6.6500),(0.000, 270.000, 0.000)
74327851600,73.822300,(-1.7560, 1.6360, 6.6500),(0.000, 270.000, 0.000)
74341401300,73.836300,(-1.7560, 1.6360, 6.6500),(0.000, 270.000, 0.000)
74355774100,73.850300,(-1.7560, 1.6360, 6.6500),(0.000, 270.000, 0.000)
74369428700,73.863960,(-1.7560, 1.6360, 6.6500),(0.000, 270.000, 0.000)
74383359900,73.878150,(-1.7560, 1.6360, 6.6500),(0.000, 270.000, 0.000)
74397351200,73.891840,(-1.7560, 1.6360, 6.6500),(0.000, 270.000, 0.000)
74411146000,73.905680,(-1.7560, 1.6360, 6.6500),(0.000, 270.000, 0.000)
74425551100,73.920080,(-1.7560, 1.6360, 6.6500),(0.000, 270.000, 0.000)
74438752800,73.933660,(-1.7560, 1.6360, 6.6500),(0.000, 270.000, 0.000)
74467500800,73.961810,(-1.7560, 1.6360, 6.6500),(0.000, 270.000, 0.000)
74480759300,73.975680,(-1.7560, 1.6360, 6.6500),(0.000, 270.000, 0.000)
74494816800,73.989350,(-1.7560, 1.6360, 6.6500),(0.000, 270.000, 0.000)
74509176300,74.003620,(-1.7560, 1.6360, 6.6500),(0.000, 270.000, 0.000)
74522387900,74.017210,(-1.7560, 1.6360, 6.6500),(0.000, 270.000, 0.000)
74536812500,74.031350,(-1.7560, 1.6360, 6.6500),(0.000, 270.000, 0.000)
74550981200,74.045430,(-1.7560, 1.6360, 6.6500),(0.000, 270.000, 0.000)
74564144900,74.059010,(-1.7560, 1.6360, 6.6500),(0.000, 270.000, 0.000)
74578490100,74.073000,(-1.7560, 1.6360, 6.6500),(0.000, 270.000, 0.000)
74592675900,74.087210,(-1.7560, 1.6360, 6.6500),(0.000, 270.000, 0.000)
74606260100,74.100970,(-1.7560, 1.6360, 6.6500),(0.000, 270.000, 0.000)
74619755200,74.114690,(-1.7560, 1.6360, 6.6500),(0.000, 270.000, 0.000)
74633744900,74.128330,(-1.7560, 1.6360, 6.6500),(0.000, 270.000, 0.000)
74647669200,74.142220,(-1.7560, 1.6360, 6.6500),(0.000, 270.000, 0.000)
74676032500,74.170560,(-1.7560, 1.6360, 6.6500),(0.000, 270.000, 0.000)
74689443200,74.184040,(-1.7560, 1.6360, 6.6500),(0.000, 270.000, 0.000)
74703027500,74.197940,(-1.7560, 1.6360, 6.6500),(0.000, 270.000, 0.000)
74716968500,74.211650,(-1.7560, 1.6360, 6.6500),(0.000, 270.000, 0.000)
74731243900,74.225810,(-1.7560, 1.6360, 6.6500),(0.000, 270.000, 0.000)
74744806100,74.239690,(-1.7560, 1.6360, 6.6500),(0.000, 270.000, 0.000)
74759027100,74.253650,(-1.7560, 1.6360, 6.6500),(0.000, 270.000, 0.000)
74773453700,74.267970,(-1.7560, 1.6360, 6.6500),(0.000, 270.000, 0.000)
74786972100,74.281520,(-1.7560, 1.6360, 6.6500),(0.000, 270.000, 0.000)
74800591600,74.295460,(-1.7560, 1.6360, 6.6500),(0.000, 270.000, 0.000)
74815122500,74.309680,(-1.7560, 1.6360, 6.6500),(0.000, 270.000, 0.000)
74828957900,74.323480,(-1.7560, 1.6360, 6.6500),(0.000, 270.000, 0.000)
74842245300,74.337170,(-1.7560, 1.6360, 6.6500),(0.000, 270.000, 0.000)
74856535500,74.351130,(-1.7560, 1.6360, 6.6500),(0.000, 270.000, 0.000)
74884780400,74.379380,(-1.7560, 1.6360, 6.6500),(0.000, 270.000, 0.000)
74898157500,74.392820,(-1.7560, 1.6360, 6.6500),(0.000, 270.000, 0.000)
74912241100,74.406830,(-1.7560, 1.6360, 6.6500),(0.000, 270.000, 0.000)
74926380300,74.420910,(-1.7560, 1.6360, 6.6500),(0.000, 270.000, 0.000)
74939898500,74.434780,(-1.7560, 1.6360, 6.6500),(0.000, 270.000, 0.000)
74954194800,74.448750,(-1.7560, 1.6360, 6.6500),(0.000, 270.000, 0.000)
74968109200,74.462650,(-1.7560, 1.6360, 6.6500),(0.000, 270.000, 0.000)
74981550900,74.476490,(-1.7560, 1.6360, 6.6500),(0.000, 270.000, 0.000)
74995816900,74.490400,(-1.7560, 1.6360, 6.6500),(0.000, 270.000, 0.000)
75009826500,74.504390,(-1.7560, 1.6360, 6.6500),(0.000, 270.000, 0.000)
75023566000,74.518430,(-1.7560, 1.6360, 6.6500),(0.000, 270.000, 0.000)
75037692000,74.532230,(-1.7560, 1.6360, 6.6500),(0.000, 270.000, 0.000)
75051591700,74.546130,(-1.7560, 1.6360, 6.6500),(0.000, 270.000, 0.000)
75065510700,74.560100,(-1.7560, 1.6360, 6.6500),(0.000, 270.000, 0.000)
75093775600,74.588320,(-1.7560, 1.6360, 6.6500),(0.000, 270.000, 0.000)
75107594800,74.602160,(-1.7560, 1.6360, 6.6500),(0.000, 270.000, 0.000)
75121280100,74.616190,(-1.7560, 1.6360, 6.6500),(0.000, 270.000, 0.000)
75135656500,74.630200,(-1.7560, 1.6360, 6.6500),(0.000, 270.000, 0.000)
75149465200,74.644000,(-1.7560, 1.6360, 6.6500),(0.000, 270.000, 0.000)
75162974400,74.657830,(-1.7560, 1.6360, 6.6500),(0.000, 270.000, 0.000)
75177559600,74.672100,(-1.7560, 1.6360, 6.6500),(0.000, 270.000, 0.000)
75191094100,74.685670,(-1.7560, 1.6360, 6.6500),(0.000, 270.000, 0.000)
75205067700,74.699860,(-1.7560, 1.6360, 6.6500),(0.000, 270.000, 0.000)
75219696400,74.714230,(-1.7560, 1.6360, 6.6500),(0.000, 270.000, 0.000)
75232848500,74.727480,(-1.7560, 1.6360, 6.6500),(0.000, 270.000, 0.000)
75246822500,74.741400,(-1.7560, 1.6360, 6.6500),(0.000, 270.000, 0.000)
75260533700,74.755420,(-1.7560, 1.6360, 6.6500),(0.000, 270.000, 0.000)
75274764300,74.769300,(-1.7560, 1.6360, 6.6500),(0.000, 270.000, 0.000)
75303409700,74.797810,(-1.7560, 1.6360, 6.6500),(0.000, 270.000, 0.000)
75316923100,74.811420,(-1.7560, 1.6360, 6.6500),(0.000, 270.000, 0.000)
75330642900,74.825180,(-1.7560, 1.6360, 6.6500),(0.000, 270.000, 0.000)
75344229500,74.839090,(-1.7560, 1.6360, 6.6500),(0.000, 270.000, 0.000)
75358217700,74.852750,(-1.7560, 1.6360, 6.6500),(0.000, 270.000, 0.000)
75372008500,74.866520,(-1.7560, 1.6360, 6.6500),(0.000, 270.000, 0.000)
75386342700,74.880870,(-1.7560, 1.6360, 6.6500),(0.000, 270.000, 0.000)
75399794500,74.894680,(-1.7560, 1.6360, 6.6500),(0.000, 270.000, 0.000)
75413966800,74.908510,(-1.7560, 1.6360, 6.6500),(0.000, 270.000, 0.000)
75427765300,74.922340,(-1.7560, 1.6360, 6.6500),(0.000, 270.000, 0.000)
75440832500,74.935870,(-1.7560, 1.6360, 6.6500),(0.000, 270.000, 0.000)
75455588900,74.950090,(-1.7560, 1.6360, 6.6500),(0.000, 270.000, 0.000)
75469348500,74.963940,(-1.7560, 1.6360, 6.6500),(0.000, 270.000, 0.000)
75483073300,74.977940,(-1.7560, 1.6360, 6.6500),(0.000, 270.000, 0.000)
75512262500,75.006560,(-1.7560, 1.6360, 6.6500),(0.000, 270.000, 0.000)
75525584900,75.020100,(-1.7560, 1.6360, 6.6500),(0.000, 270.000, 0.000)
75538639600,75.033510,(-1.7560, 1.6360, 6.6500),(0.000, 270.000, 0.000)
75552863300,75.047420,(-1.7560, 1.6360, 6.6500),(0.000, 270.000, 0.000)
75567177300,75.061710,(-1.7560, 1.6360, 6.6500),(0.000, 270.000, 0.000)
75580266100,75.075190,(-1.7560, 1.6360, 6.6500),(0.000, 270.000, 0.000)
75594742500,75.089280,(-1.7560, 1.6360, 6.6500),(0.000, 270.000, 0.000)
75609275700,75.103780,(-1.7560, 1.6360, 6.6500),(0.000, 270.000, 0.000)
75621891700,75.116880,(-1.7560, 1.6360, 6.6500),(0.000, 270.000, 0.000)
75636419600,75.130970,(-1.7560, 1.6360, 6.6500),(0.000, 270.000, 0.000)
75650389300,75.144950,(-1.7560, 1.6360, 6.6500),(0.000, 270.000, 0.000)
75663881100,75.158800,(-1.7560, 1.6360, 6.6500),(0.000, 270.000, 0.000)
75678374500,75.172950,(-1.7560, 1.6360, 6.6500),(0.000, 270.000, 0.000)
75692216500,75.186820,(-1.7560, 1.6360, 6.6500),(0.000, 270.000, 0.000)
75720670300,75.215210,(-1.7560, 1.6360, 6.6500),(0.000, 270.000, 0.000)
75734064400,75.228650,(-1.7560, 1.6360, 6.6500),(0.000, 270.000, 0.000)
75747920700,75.242470,(-1.7560, 1.6360, 6.6500),(0.000, 270.000, 0.000)
75761473300,75.256410,(-1.7560, 1.6360, 6.6500),(0.000, 270.000, 0.000)
75775721900,75.270280,(-1.7560, 1.6360, 6.6500),(0.000, 270.000, 0.000)
75789920100,75.284480,(-1.7560, 1.6360, 6.6500),(0.000, 270.000, 0.000)
75803528400,75.298380,(-1.7560, 1.6360, 6.6500),(0.000, 270.000, 0.000)
75817397100,75.311990,(-1.7560, 1.6360, 6.6500),(0.000, 270.000, 0.000)
75831604100,75.326130,(-1.7560, 1.6360, 6.6500),(0.000, 270.000, 0.000)
75845520000,75.340070,(-1.7560, 1.6360, 6.6500),(0.000, 270.000, 0.000)
75858887500,75.353850,(-1.7560, 1.6360, 6.6500),(0.000, 270.000, 0.000)
75873499300,75.368060,(-1.7560, 1.6360, 6.6500),(0.000, 270.000, 0.000)
75887427100,75.381940,(-1.7560, 1.6360, 6.6500),(0.000, 270.000, 0.000)
75900628900,75.395600,(-1.7560, 1.6360, 6.6500),(0.000, 270.000, 0.000)
75929703500,75.424100,(-1.7560, 1.6360, 6.6500),(0.000, 270.000, 0.000)
75942897300,75.437750,(-1.7560, 1.6360, 6.6500),(0.000, 270.000, 0.000)
75957031300,75.451620,(-1.7560, 1.6360, 6.6500),(0.000, 270.000, 0.000)
75970836900,75.465390,(-1.7560, 1.6360, 6.6500),(0.000, 270.000, 0.000)
75984367300,75.479260,(-1.7560, 1.6360, 6.6500),(0.000, 270.000, 0.000)
75998510100,75.493070,(-1.7560, 1.6360, 6.6500),(0.000, 270.000, 0.000)
76012536400,75.507120,(-1.7560, 1.6360, 6.6500),(0.000, 270.000, 0.000)
76026465200,75.521070,(-1.7560, 1.6360, 6.6500),(0.000, 270.000, 0.000)
76040054300,75.534970,(-1.7560, 1.6360, 6.6500),(0.000, 270.000, 0.000)
76054346100,75.548860,(-1.7560, 1.6360, 6.6500),(0.000, 270.000, 0.000)
76068365100,75.562920,(-1.7560, 1.6360, 6.6500),(0.000, 270.000, 0.000)
76081727100,75.576690,(-1.7560, 1.6360, 6.6500),(0.000, 270.000, 0.000)
76096025500,75.590640,(-1.7560, 1.6360, 6.6500),(0.000, 270.000, 0.000)
76109913100,75.604480,(-1.7560, 1.6360, 6.6500),(0.000, 270.000, 0.000)
76138738400,75.633040,(-1.7560, 1.6360, 6.6500),(0.000, 270.000, 0.000)
76152374700,75.646830,(-1.7560, 1.6360, 6.6500),(0.000, 270.000, 0.000)
76165891200,75.660450,(-1.7560, 1.6360, 6.6500),(0.000, 270.000, 0.000)
76179239200,75.674150,(-1.7560, 1.6360, 6.6500),(0.000, 270.000, 0.000)
76193799900,75.688330,(-1.7560, 1.6360, 6.6500),(0.000, 270.000, 0.000)
76207625200,75.702150,(-1.7560, 1.6360, 6.6500),(0.000, 270.000, 0.000)
76221104500,75.716020,(-1.7560, 1.6360, 6.6500),(0.000, 270.000, 0.000)
76235316000,75.729870,(-1.7560, 1.6360, 6.6500),(0.000, 270.000, 0.000)
76249335500,75.743890,(-1.7560, 1.6360, 6.6500),(0.000, 270.000, 0.000)
76262892900,75.757800,(-1.7560, 1.6360, 6.6500),(0.000, 270.000, 0.000)
76277293700,75.771860,(-1.7560, 1.6360, 6.6500),(0.000, 270.000, 0.000)
76291159200,75.785740,(-1.7560, 1.6360, 6.6500),(0.000, 270.000, 0.000)
76304538900,75.799490,(-1.7560, 1.6360, 6.6500),(0.000, 270.000, 0.000)
76319119300,75.813690,(-1.7560, 1.6360, 6.6500),(0.000, 270.000, 0.000)
76347763700,75.842110,(-1.7560, 1.6360, 6.6500),(0.000, 270.000, 0.000)
76360482500,75.855410,(-1.7560, 1.6360, 6.6500),(0.000, 270.000, 0.000)
76374494400,75.869150,(-1.7560, 1.6360, 6.6500),(0.000, 270.000, 0.000)
76388405200,75.883050,(-1.7560, 1.6360, 6.6500),(0.000, 270.000, 0.000)
76402086700,75.897000,(-1.7560, 1.6360, 6.6500),(0.000, 270.000, 0.000)
76416582500,75.911090,(-1.7560, 1.6360, 6.6500),(0.000, 270.000, 0.000)
76430523700,75.925110,(-1.7560, 1.6360, 6.6500),(0.000, 270.000, 0.000)
76444216900,75.939100,(-1.7560, 1.6360, 6.6500),(0.000, 270.000, 0.000)
76458025700,75.952700,(-1.7560, 1.6360, 6.6500),(0.000, 270.000, 0.000)
76472373300,75.966920,(-1.7560, 1.6360, 6.6500),(0.000, 270.000, 0.000)
76486350400,75.980860,(-1.7560, 1.6360, 6.6500),(0.000, 270.000, 0.000)
76499803700,75.994700,(-1.7560, 1.6360, 6.6500),(0.000, 270.000, 0.000)
76514274100,76.008770,(-1.7560, 1.6360, 6.6500),(0.000, 270.000, 0.000)
76528078900,76.022570,(-1.7560, 1.6360, 6.6500),(0.000, 270.000, 0.000)
76556570100,76.051090,(-1.7560, 1.6360, 6.6500),(0.000, 270.000, 0.000)
76569462900,76.064090,(-1.7560, 1.6360, 6.6500),(0.000, 270.000, 0.000)
76582814700,76.077800,(-1.7560, 1.6360, 6.6500),(0.000, 270.000, 0.000)
76597669900,76.092200,(-1.7560, 1.6360, 6.6500),(0.000, 270.000, 0.000)
76611567700,76.106100,(-1.7560, 1.6360, 6.6500),(0.000, 270.000, 0.000)
76625487900,76.120030,(-1.7560, 1.6360, 6.6500),(0.000, 270.000, 0.000)
76639126400,76.134010,(-1.7560, 1.6360, 6.6500),(0.000, 270.000, 0.000)
76653140100,76.147700,(-1.7560, 1.6360, 6.6500),(0.000, 270.000, 0.000)
76667095700,76.161680,(-1.7560, 1.6360, 6.6500),(0.000, 270.000, 0.000)
76680676500,76.175590,(-1.7560, 1.6360, 6.6500),(0.000, 270.000, 0.000)
76694980300,76.189580,(-1.7560, 1.6360, 6.6500),(0.000, 270.000, 0.000)
76708893600,76.203480,(-1.7560, 1.6360, 6.6500),(0.000, 270.000, 0.000)
76722586900,76.217420,(-1.7560, 1.6360, 6.6500),(0.000, 270.000, 0.000)
76736868100,76.231410,(-1.7560, 1.6360, 6.6500),(0.000, 270.000, 0.000)
76765206800,76.259810,(-1.7560, 1.6360, 6.6500),(0.000, 270.000, 0.000)
76778321300,76.272990,(-1.7560, 1.6360, 6.6500),(0.000, 270.000, 0.000)
76792694400,76.287260,(-1.7560, 1.6360, 6.6500),(0.000, 270.000, 0.000)
76806452900,76.301030,(-1.7560, 1.6360, 6.6500),(0.000, 270.000, 0.000)
76820024800,76.314950,(-1.7560, 1.6360, 6.6500),(0.000, 270.000, 0.000)
76834381700,76.328880,(-1.7560, 1.6360, 6.6500),(0.000, 270.000, 0.000)
76848315700,76.342900,(-1.7560, 1.6360, 6.6500),(0.000, 270.000, 0.000)
76861765300,76.356700,(-1.7560, 1.6360, 6.6500),(0.000, 270.000, 0.000)
76876141600,76.370710,(-1.7560, 1.6360, 6.6500),(0.000, 270.000, 0.000)
76890280700,76.384750,(-1.7560, 1.6360, 6.6500),(0.000, 270.000, 0.000)
76903664500,76.398570,(-1.7560, 1.6360, 6.6500),(0.000, 270.000, 0.000)
76917830000,76.412380,(-1.7560, 1.6360, 6.6500),(0.000, 270.000, 0.000)
76931886300,76.426450,(-1.7560, 1.6360, 6.6500),(0.000, 270.000, 0.000)
76945694700,76.440270,(-1.7560, 1.6360, 6.6500),(0.000, 270.000, 0.000)
76974532000,76.468960,(-1.7560, 1.6360, 6.6500),(0.000, 270.000, 0.000)
76987765700,76.482260,(-1.7560, 1.6360, 6.6500),(0.000, 270.000, 0.000)
77001019700,76.495930,(-1.7560, 1.6360, 6.6500),(0.000, 270.000, 0.000)
77015414900,76.509960,(-1.7560, 1.6360, 6.6500),(0.000, 270.000, 0.000)
77029162900,76.523750,(-1.7560, 1.6360, 6.6500),(0.000, 270.000, 0.000)
77042844900,76.537750,(-1.7560, 1.6360, 6.6500),(0.000, 270.000, 0.000)
77057282500,76.551710,(-1.7560, 1.6360, 6.6500),(0.000, 270.000, 0.000)
77071299600,76.565830,(-1.7560, 1.6360, 6.6500),(0.000, 270.000, 0.000)
77084706100,76.579590,(-1.7560, 1.6360, 6.6500),(0.000, 270.000, 0.000)
77098927700,76.593510,(-1.7560, 1.6360, 6.6500),(0.000, 270.000, 0.000)
77112793500,76.607320,(-1.7560, 1.6360, 6.6500),(0.000, 270.000, 0.000)
77126907700,76.621470,(-1.7560, 1.6360, 6.6500),(0.000, 270.000, 0.000)
77140256400,76.635150,(-1.7560, 1.6360, 6.6500),(0.000, 270.000, 0.000)
77154623900,76.649190,(-1.7560, 1.6360, 6.6500),(0.000, 270.000, 0.000)
77183236500,76.677760,(-1.7560, 1.6360, 6.6500),(0.000, 270.000, 0.000)
77196656700,76.691170,(-1.7560, 1.6360, 6.6500),(0.000, 270.000, 0.000)
77210469700,76.705020,(-1.7560, 1.6360, 6.6500),(0.000, 270.000, 0.000)
77223863700,76.718710,(-1.7560, 1.6360, 6.6500),(0.000, 270.000, 0.000)
77238111200,76.732720,(-1.7560, 1.6360, 6.6500),(0.000, 270.000, 0.000)
77252059100,76.746610,(-1.7560, 1.6360, 6.6500),(0.000, 270.000, 0.000)
77266019700,76.760580,(-1.7560, 1.6360, 6.6500),(0.000, 270.000, 0.000)
77279846100,76.774740,(-1.7560, 1.6360, 6.6500),(0.000, 270.000, 0.000)
77293898100,76.788460,(-1.7560, 1.6360, 6.6500),(0.000, 270.000, 0.000)
77307832000,76.802360,(-1.7560, 1.6360, 6.6500),(0.000, 270.000, 0.000)
77321383600,76.816320,(-1.7560, 1.6360, 6.6500),(0.000, 270.000, 0.000)
77335818900,76.830360,(-1.7560, 1.6360, 6.6500),(0.000, 270.000, 0.000)
77349740400,76.844280,(-1.7560, 1.6360, 6.6500),(0.000, 270.000, 0.000)
77363176900,76.858050,(-1.7560, 1.6360, 6.6500),(0.000, 270.000, 0.000)
77392470100,76.886890,(-1.7560, 1.6360, 6.6500),(0.000, 270.000, 0.000)
77404880700,76.899790,(-1.7560, 1.6360, 6.6500),(0.000, 270.000, 0.000)
77419124800,76.913670,(-1.7560, 1.6360, 6.6500),(0.000, 270.000, 0.000)
77433162400,76.927700,(-1.7560, 1.6360, 6.6500),(0.000, 270.000, 0.000)
77447190800,76.941770,(-1.7560, 1.6360, 6.6500),(0.000, 270.000, 0.000)
77460772000,76.955670,(-1.7560, 1.6360, 6.6500),(0.000, 270.000, 0.000)
77475025600,76.969560,(-1.7560, 1.6360, 6.6500),(0.000, 270.000, 0.000)
77488997900,76.983570,(-1.7560, 1.6360, 6.6500),(0.000, 270.000, 0.000)
77502712500,76.997570,(-1.7560, 1.6360, 6.6500),(0.000, 270.000, 0.000)
77516760500,77.011330,(-1.7560, 1.6360, 6.6500),(0.000, 270.000, 0.000)
77530805900,77.025310,(-1.7560, 1.6360, 6.6500),(0.000, 270.000, 0.000)
77544504400,77.039350,(-1.7560, 1.6360, 6.6500),(0.000, 270.000, 0.000)
77558501100,77.053120,(-1.7560, 1.6360, 6.6500),(0.000, 270.000, 0.000)
77572464500,77.067030,(-1.7560, 1.6360, 6.6500),(0.000, 270.000, 0.000)
77601108000,77.095610,(-1.7560, 1.6360, 6.6500),(0.000, 270.000, 0.000)
77614373600,77.108940,(-1.7560, 1.6360, 6.6500),(0.000, 270.000, 0.000)
77628212900,77.122810,(-1.7560, 1.6360, 6.6500),(0.000, 270.000, 0.000)
77641938900,77.136880,(-1.7560, 1.6360, 6.6500),(0.000, 270.000, 0.000)
77656057200,77.150610,(-1.7560, 1.6360, 6.6500),(0.000, 270.000, 0.000)
77669995200,77.164510,(-1.7560, 1.6360, 6.6500),(0.000, 270.000, 0.000)
77683450500,77.178340,(-1.7560, 1.6360, 6.6500),(0.000, 270.000, 0.000)
77697910400,77.192430,(-1.7560, 1.6360, 6.6500),(0.000, 270.000, 0.000)
77711832500,77.206370,(-1.7560, 1.6360, 6.6500),(0.000, 270.000, 0.000)
77725364100,77.220010,(-1.7560, 1.6360, 6.6500),(0.000, 270.000, 0.000)
77739294700,77.233990,(-1.7560, 1.6360, 6.6500),(0.000, 270.000, 0.000)
77753423500,77.247990,(-1.7560, 1.6360, 6.6500),(0.000, 270.000, 0.000)
77767699600,77.262180,(-1.7560, 1.6360, 6.6500),(0.000, 270.000, 0.000)
77780981200,77.275880,(-1.7560, 1.6360, 6.6500),(0.000, 270.000, 0.000)
77810158500,77.304520,(-1.7560, 1.6360, 6.6500),(0.000, 270.000, 0.000)
77823124300,77.318040,(-1.7560, 1.6360, 6.6500),(0.000, 270.000, 0.000)
77837190700,77.331660,(-1.7560, 1.6360, 6.6500),(0.000, 270.000, 0.000)
77851096300,77.345650,(-1.7560, 1.6360, 6.6500),(0.000, 270.000, 0.000)
77864525900,77.359380,(-1.7560, 1.6360, 6.6500),(0.000, 270.000, 0.000)
77878716800,77.373340,(-1.7560, 1.6360, 6.6500),(0.000, 270.000, 0.000)
77892729500,77.387350,(-1.7560, 1.6360, 6.6500),(0.000, 270.000, 0.000)
77906683500,77.401250,(-1.7560, 1.6360, 6.6500),(0.000, 270.000, 0.000)
77920318300,77.415240,(-1.7560, 1.6360, 6.6500),(0.000, 270.000, 0.000)
77934540500,77.429120,(-1.7560, 1.6360, 6.6500),(0.000, 270.000, 0.000)
77948476900,77.443020,(-1.7560, 1.6360, 6.6500),(0.000, 270.000, 0.000)
77962129700,77.457040,(-1.7560, 1.6360, 6.6500),(0.000, 270.000, 0.000)
77976265900,77.470870,(-1.7560, 1.6360, 6.6500),(0.000, 270.000, 0.000)
77990187700,77.484770,(-1.7560, 1.6360, 6.6500),(0.000, 270.000, 0.000)
78019066900,77.513560,(-1.7560, 1.6360, 6.6500),(0.000, 270.000, 0.000)
78032250100,77.526770,(-1.7560, 1.6360, 6.6500),(0.000, 270.000, 0.000)
78045849300,77.540440,(-1.7560, 1.6360, 6.6500),(0.000, 270.000, 0.000)
78059656900,77.554550,(-1.7560, 1.6360, 6.6500),(0.000, 270.000, 0.000)
78073809300,77.568410,(-1.7560, 1.6360, 6.6500),(0.000, 270.000, 0.000)
78087686800,77.582240,(-1.7560, 1.6360, 6.6500),(0.000, 270.000, 0.000)
78101086900,77.596070,(-1.7560, 1.6360, 6.6500),(0.000, 270.000, 0.000)
78115768900,77.610260,(-1.7560, 1.6360, 6.6500),(0.000, 270.000, 0.000)
78129642000,77.624210,(-1.7560, 1.6360, 6.6500),(0.000, 270.000, 0.000)
78143162100,77.638010,(-1.7560, 1.6360, 6.6500),(0.000, 270.000, 0.000)
78157354300,77.651950,(-1.7560, 1.6360, 6.6500),(0.000, 270.000, 0.000)
78171287700,77.665890,(-1.7560, 1.6360, 6.6500),(0.000, 270.000, 0.000)
78184880900,77.679820,(-1.7560, 1.6360, 6.6500),(0.000, 270.000, 0.000)
78199227700,77.693810,(-1.7560, 1.6360, 6.6500),(0.000, 270.000, 0.000)
78228222300,77.722500,(-1.7560, 1.6360, 6.6500),(0.000, 270.000, 0.000)
78240791300,77.735720,(-1.7560, 1.6360, 6.6500),(0.000, 270.000, 0.000)
78254879500,77.749420,(-1.7560, 1.6360, 6.6500),(0.000, 270.000, 0.000)
78268771900,77.763370,(-1.7560, 1.6360, 6.6500),(0.000, 270.000, 0.000)
78282527500,77.777400,(-1.7560, 1.6360, 6.6500),(0.000, 270.000, 0.000)
78296855700,77.791370,(-1.7560, 1.6360, 6.6500),(0.000, 270.000, 0.000)
78310668900,77.805230,(-1.7560, 1.6360, 6.6500),(0.000, 270.000, 0.000)
78324279700,77.819150,(-1.7560, 1.6360, 6.6500),(0.000, 270.000, 0.000)
78338379500,77.832950,(-1.7560, 1.6360, 6.6500),(0.000, 270.000, 0.000)
78352403300,77.847000,(-1.7560, 1.6360, 6.6500),(0.000, 270.000, 0.000)
78366517300,77.861050,(-1.7560, 1.6360, 6.6500),(0.000, 270.000, 0.000)
78379878100,77.874700,(-1.7560, 1.6360, 6.6500),(0.000, 270.000, 0.000)
78394204000,77.888790,(-1.7560, 1.6360, 6.6500),(0.000, 270.000, 0.000)
78408210400,77.902820,(-1.7560, 1.6360, 6.6500),(0.000, 270.000, 0.000)
78437107600,77.931660,(-1.7560, 1.6360, 6.6500),(0.000, 270.000, 0.000)
78450179500,77.944690,(-1.7560, 1.6360, 6.6500),(0.000, 270.000, 0.000)
78463282900,77.958180,(-1.7560, 1.6360, 6.6500),(0.000, 270.000, 0.000)
78477555700,77.972120,(-1.7560, 1.6360, 6.6500),(0.000, 270.000, 0.000)
78491506100,77.986110,(-1.7560, 1.6360, 6.6500),(0.000, 270.000, 0.000)
78505640500,78.000120,(-1.7560, 1.6360, 6.6500),(0.000, 270.000, 0.000)
78519135900,78.014050,(-1.7560, 1.6360, 6.6500),(0.000, 270.000, 0.000)
78533525500,78.028040,(-1.7560, 1.6360, 6.6500),(0.000, 270.000, 0.000)
78547514700,78.042020,(-1.7560, 1.6360, 6.6500),(0.000, 270.000, 0.000)
78560826900,78.055760,(-1.7560, 1.6360, 6.6500),(0.000, 270.000, 0.000)
78575410500,78.069970,(-1.7560, 1.6360, 6.6500),(0.000, 270.000, 0.000)
78589054300,78.083700,(-1.7560, 1.6360, 6.6500),(0.000, 270.000, 0.000)
78602771600,78.097620,(-1.7560, 1.6360, 6.6500),(0.000, 270.000, 0.000)
78617074300,78.111650,(-1.7560, 1.6360, 6.6500),(0.000, 270.000, 0.000)
78646080000,78.140370,(-1.7560, 1.6360, 6.6500),(0.000, 270.000, 0.000)
78658551700,78.153450,(-1.7560, 1.6360, 6.6500),(0.000, 270.000, 0.000)
78672879300,78.167420,(-1.7560, 1.6360, 6.6500),(0.000, 270.000, 0.000)
78686648100,78.181220,(-1.7560, 1.6360, 6.6500),(0.000, 270.000, 0.000)
78700004500,78.194950,(-1.7560, 1.6360, 6.6500),(0.000, 270.000, 0.000)
78714396000,78.208970,(-1.7560, 1.6360, 6.6500),(0.000, 270.000, 0.000)
78728357300,78.222960,(-1.7560, 1.6360, 6.6500),(0.000, 270.000, 0.000)
78742491700,78.237380,(-1.7560, 1.6360, 6.6500),(0.000, 270.000, 0.000)
78756256700,78.250800,(-1.7560, 1.6360, 6.6500),(0.000, 270.000, 0.000)
78770072000,78.264660,(-1.7560, 1.6360, 6.6500),(0.000, 270.000, 0.000)
78783795700,78.278690,(-1.7560, 1.6360, 6.6500),(0.000, 270.000, 0.000)
78798042500,78.292640,(-1.7560, 1.6360, 6.6500),(0.000, 270.000, 0.000)
78812166000,78.306690,(-1.7560, 1.6360, 6.6500),(0.000, 270.000, 0.000)
78826052000,78.320590,(-1.7560, 1.6360, 6.6500),(0.000, 270.000, 0.000)
78854818300,78.349330,(-1.7560, 1.6360, 6.6500),(0.000, 270.000, 0.000)
78868214900,78.362670,(-1.7560, 1.6360, 6.6500),(0.000, 270.000, 0.000)
78881422900,78.376310,(-1.7560, 1.6360, 6.6500),(0.000, 270.000, 0.000)
78895764100,78.390310,(-1.7560, 1.6360, 6.6500),(0.000, 270.000, 0.000)
78909618500,78.404090,(-1.7560, 1.6360, 6.6500),(0.000, 270.000, 0.000)
78923346500,78.418150,(-1.7560, 1.6360, 6.6500),(0.000, 270.000, 0.000)
78937489700,78.432040,(-1.7560, 1.6360, 6.6500),(0.000, 270.000, 0.000)
78951418000,78.445950,(-1.7560, 1.6360, 6.6500),(0.000, 270.000, 0.000)
78965097900,78.459980,(-1.7560, 1.6360, 6.6500),(0.000, 270.000, 0.000)
78979383600,78.473880,(-1.7560, 1.6360, 6.6500),(0.000, 270.000, 0.000)
78993447600,78.487890,(-1.7560, 1.6360, 6.6500),(0.000, 270.000, 0.000)
79007117700,78.501630,(-1.7560, 1.6360, 6.6500),(0.000, 270.000, 0.000)
79020800100,78.515650,(-1.7560, 1.6360, 6.6500),(0.000, 270.000, 0.000)
79034979100,78.529550,(-1.7560, 1.6360, 6.6500),(0.000, 270.000, 0.000)
79064559300,78.558820,(-1.7560, 1.6360, 6.6500),(0.000, 270.000, 0.000)
79077168400,78.571690,(-1.7560, 1.6360, 6.6500),(0.000, 270.000, 0.000)
79090664000,78.585110,(-1.7560, 1.6360, 6.6500),(0.000, 270.000, 0.000)
79104229300,78.599120,(-1.7560, 1.6360, 6.6500),(0.000, 270.000, 0.000)
79118764900,78.613310,(-1.7560, 1.6360, 6.6500),(0.000, 270.000, 0.000)
79132365500,78.626940,(-1.7560, 1.6360, 6.6500),(0.000, 270.000, 0.000)
79146609700,78.641110,(-1.7560, 1.6360, 6.6500),(0.000, 270.000, 0.000)
79159818500,78.654690,(-1.7560, 1.6360, 6.6500),(0.000, 270.000, 0.000)
79173961700,78.668550,(-1.7560, 1.6360, 6.6500),(0.000, 270.000, 0.000)
79188006100,78.682580,(-1.7560, 1.6360, 6.6500),(0.000, 270.000, 0.000)
79201626500,78.696460,(-1.7560, 1.6360, 6.6500),(0.000, 270.000, 0.000)
79215885900,78.710400,(-1.7560, 1.6360, 6.6500),(0.000, 270.000, 0.000)
79229893500,78.724440,(-1.7560, 1.6360, 6.6500),(0.000, 270.000, 0.000)
79243466400,78.738330,(-1.7560, 1.6360, 6.6500),(0.000, 270.000, 0.000)
79273025200,78.767410,(-1.7560, 1.6360, 6.6500),(0.000, 270.000, 0.000)
79285791300,78.780330,(-1.7560, 1.6360, 6.6500),(0.000, 270.000, 0.000)
79299033500,78.793940,(-1.7560, 1.6360, 6.6500),(0.000, 270.000, 0.000)
79313462900,78.808010,(-1.7560, 1.6360, 6.6500),(0.000, 270.000, 0.000)
79327383600,78.821970,(-1.7560, 1.6360, 6.6500),(0.000, 270.000, 0.000)
79340786900,78.835690,(-1.7560, 1.6360, 6.6500),(0.000, 270.000, 0.000)
79355170700,78.849720,(-1.7560, 1.6360, 6.6500),(0.000, 270.000, 0.000)
79369384700,78.863900,(-1.7560, 1.6360, 6.6500),(0.000, 270.000, 0.000)
79382874700,78.877760,(-1.7560, 1.6360, 6.6500),(0.000, 270.000, 0.000)
79396997300,78.891580,(-1.7560, 1.6360, 6.6500),(0.000, 270.000, 0.000)
79411207300,78.905760,(-1.7560, 1.6360, 6.6500),(0.000, 270.000, 0.000)
79424705200,78.919620,(-1.7560, 1.6360, 6.6500),(0.000, 270.000, 0.000)
79439071700,78.933660,(-1.7560, 1.6360, 6.6500),(0.000, 270.000, 0.000)
79453181200,78.947720,(-1.7560, 1.6360, 6.6500),(0.000, 270.000, 0.000)
79481999100,78.976520,(-1.7560, 1.6360, 6.6500),(0.000, 270.000, 0.000)
79495108000,78.989600,(-1.7560, 1.6360, 6.6500),(0.000, 270.000, 0.000)
79508691700,79.003230,(-1.7560, 1.6360, 6.6500),(0.000, 270.000, 0.000)
79522335600,79.017230,(-1.7560, 1.6360, 6.6500),(0.000, 270.000, 0.000)
79536721700,79.031230,(-1.7560, 1.6360, 6.6500),(0.000, 270.000, 0.000)
79550440900,79.044970,(-1.7560, 1.6360, 6.6500),(0.000, 270.000, 0.000)
79563996900,79.058880,(-1.7560, 1.6360, 6.6500),(0.000, 270.000, 0.000)
79578335200,79.072890,(-1.7560, 1.6360, 6.6500),(0.000, 270.000, 0.000)
79592345500,79.086900,(-1.7560, 1.6360, 6.6500),(0.000, 270.000, 0.000)
79606502700,79.101040,(-1.7560, 1.6360, 6.6500),(0.000, 270.000, 0.000)
79619865200,79.114690,(-1.7560, 1.6360, 6.6500),(0.000, 270.000, 0.000)
79634158800,79.128680,(-1.7560, 1.6360, 6.6500),(0.000, 270.000, 0.000)
79648165200,79.142580,(-1.7560, 1.6360, 6.6500),(0.000, 270.000, 0.000)
79661587300,79.156480,(-1.7560, 1.6360, 6.6500),(0.000, 270.000, 0.000)
79691180700,79.185480,(-1.7560, 1.6360, 6.6500),(0.000, 270.000, 0.000)
79703533500,79.198450,(-1.7560, 1.6360, 6.6500),(0.000, 270.000, 0.000)
79717396000,79.212010,(-1.7560, 1.6360, 6.6500),(0.000, 270.000, 0.000)
79731399100,79.225910,(-1.7560, 1.6360, 6.6500),(0.000, 270.000, 0.000)
79745741700,79.240200,(-1.7560, 1.6360, 6.6500),(0.000, 270.000, 0.000)
79758775600,79.253720,(-1.7560, 1.6360, 6.6500),(0.000, 270.000, 0.000)
79773474500,79.267970,(-1.7560, 1.6360, 6.6500),(0.000, 270.000, 0.000)
79787303300,79.281780,(-1.7560, 1.6360, 6.6500),(0.000, 270.000, 0.000)
79800731200,79.295650,(-1.7560, 1.6360, 6.6500),(0.000, 270.000, 0.000)
79814919300,79.309520,(-1.7560, 1.6360, 6.6500),(0.000, 270.000, 0.000)
79829208700,79.323720,(-1.7560, 1.6360, 6.6500),(0.000, 270.000, 0.000)
79842800300,79.337680,(-1.7560, 1.6360, 6.6500),(0.000, 270.000, 0.000)
79857255900,79.351720,(-1.7560, 1.6360, 6.6500),(0.000, 270.000, 0.000)
79871199700,79.365720,(-1.7560, 1.6360, 6.6500),(0.000, 270.000, 0.000)
79899999300,79.394560,(-1.7560, 1.6360, 6.6500),(0.000, 270.000, 0.000)
79912286000,79.406910,(-1.7560, 1.6360, 6.6500),(0.000, 270.000, 0.000)
79926351700,79.420880,(-1.7560, 1.6360, 6.6500),(0.000, 270.000, 0.000)
79939812500,79.434680,(-1.7560, 1.6360, 6.6500),(0.000, 270.000, 0.000)
79954143200,79.448750,(-1.7560, 1.6360, 6.6500),(0.000, 270.000, 0.000)
79968281900,79.462810,(-1.7560, 1.6360, 6.6500),(0.000, 270.000, 0.000)
79982331200,79.477170,(-1.7560, 1.6360, 6.6500),(0.000, 270.000, 0.000)
79996119300,79.490600,(-1.7560, 1.6360, 6.6500),(0.000, 270.000, 0.000)
80010506800,79.504990,(-1.7560, 1.6360, 6.6500),(0.000, 270.000, 0.000)
80023696500,79.518550,(-1.7560, 1.6360, 6.6500),(0.000, 270.000, 0.000)
80037639700,79.532200,(-1.7560, 1.6360, 6.6500),(0.000, 270.000, 0.000)
80051767300,79.546230,(-1.7560, 1.6360, 6.6500),(0.000, 270.000, 0.000)
80065436100,79.560020,(-1.7560, 1.6360, 6.6500),(0.000, 270.000, 0.000)
80079446400,79.574330,(-1.7560, 1.6360, 6.6500),(0.000, 270.000, 0.000)
80109535200,79.603740,(-1.7560, 1.6360, 6.6500),(0.000, 270.000, 0.000)
80120986500,79.615780,(-1.7560, 1.6360, 6.6500),(0.000, 270.000, 0.000)
80134980900,79.629550,(-1.7560, 1.6360, 6.6500),(0.000, 270.000, 0.000)
80148828900,79.643360,(-1.7560, 1.6360, 6.6500),(0.000, 270.000, 0.000)
80162056400,79.657010,(-1.7560, 1.6360, 6.6500),(0.000, 270.000, 0.000)
80176360900,79.670960,(-1.7560, 1.6360, 6.6500),(0.000, 270.000, 0.000)
80191006100,79.685550,(-1.7560, 1.6360, 6.6500),(0.000, 270.000, 0.000)
80204126100,79.698970,(-1.7560, 1.6360, 6.6500),(0.000, 270.000, 0.000)
80218097600,79.712570,(-1.7560, 1.6360, 6.6500),(0.000, 270.000, 0.000)
80232614100,79.727090,(-1.7560, 1.6360, 6.6500),(0.000, 270.000, 0.000)
80245884900,79.740360,(-1.7560, 1.6360, 6.6500),(0.000, 270.000, 0.000)
80259270300,79.754150,(-1.7560, 1.6360, 6.6500),(0.000, 270.000, 0.000)
80273808900,79.768330,(-1.7560, 1.6360, 6.6500),(0.000, 270.000, 0.000)
80287324900,79.781830,(-1.7560, 1.6360, 6.6500),(0.000, 270.000, 0.000)
80316256300,79.810750,(-1.7560, 1.6360, 6.6500),(0.000, 270.000, 0.000)
80329073300,79.823540,(-1.7560, 1.6360, 6.6500),(0.000, 270.000, 0.000)
80342437700,79.837310,(-1.7560, 1.6360, 6.6500),(0.000, 270.000, 0.000)
80356241700,79.850810,(-1.7560, 1.6360, 6.6500),(0.000, 270.000, 0.000)
80370004000,79.864670,(-1.7560, 1.6360, 6.6500),(0.000, 270.000, 0.000)
80383383600,79.878270,(-1.7560, 1.6360, 6.6500),(0.000, 270.000, 0.000)
80397946900,79.892400,(-1.7560, 1.6360, 6.6500),(0.000, 270.000, 0.000)
80411914400,79.906470,(-1.7560, 1.6360, 6.6500),(0.000, 270.000, 0.000)
80426200400,79.920650,(-1.7560, 1.6360, 6.6500),(0.000, 270.000, 0.000)
80439217700,79.934100,(-1.7560, 1.6360, 6.6500),(0.000, 270.000, 0.000)
80454048500,79.948600,(-1.7560, 1.6360, 6.6500),(0.000, 270.000, 0.000)
80467474500,79.962030,(-1.7560, 1.6360, 6.6500),(0.000, 270.000, 0.000)
80481031100,79.975970,(-1.7560, 1.6360, 6.6500),(0.000, 270.000, 0.000)
80495523700,79.990100,(-1.7560, 1.6360, 6.6500),(0.000, 270.000, 0.000)
80524855600,80.019290,(-1.7560, 1.6360, 6.6500),(0.000, 270.000, 0.000)
80537324100,80.031770,(-1.7560, 1.6360, 6.6500),(0.000, 270.000, 0.000)
80551133300,80.045650,(-1.7560, 1.6360, 6.6500),(0.000, 270.000, 0.000)
80564262500,80.059070,(-1.7560, 1.6360, 6.6500),(0.000, 270.000, 0.000)
80578472100,80.073010,(-1.7560, 1.6360, 6.6500),(0.000, 270.000, 0.000)
80592521100,80.087080,(-1.7560, 1.6360, 6.6500),(0.000, 270.000, 0.000)
80606571300,80.101150,(-1.7560, 1.6360, 6.6500),(0.000, 270.000, 0.000)
80619839600,80.114780,(-1.7560, 1.6360, 6.6500),(0.000, 270.000, 0.000)
80634146700,80.128680,(-1.7560, 1.6360, 6.6500),(0.000, 270.000, 0.000)
80648037300,80.142620,(-1.7560, 1.6360, 6.6500),(0.000, 270.000, 0.000)
80661569700,80.156490,(-1.7560, 1.6360, 6.6500),(0.000, 270.000, 0.000)
80675899300,80.170460,(-1.7560, 1.6360, 6.6500),(0.000, 270.000, 0.000)
80689963100,80.184510,(-1.7560, 1.6360, 6.6500),(0.000, 270.000, 0.000)
80703274400,80.198180,(-1.7560, 1.6360, 6.6500),(0.000, 270.000, 0.000)
80733567700,80.227880,(-1.7560, 1.6360, 6.6500),(0.000, 270.000, 0.000)
80745947700,80.240410,(-1.7560, 1.6360, 6.6500),(0.000, 270.000, 0.000)
80758686500,80.253650,(-1.7560, 1.6360, 6.6500),(0.000, 270.000, 0.000)
80773248400,80.267780,(-1.7560, 1.6360, 6.6500),(0.000, 270.000, 0.000)
80787342100,80.281910,(-1.7560, 1.6360, 6.6500),(0.000, 270.000, 0.000)
80800780800,80.295720,(-1.7560, 1.6360, 6.6500),(0.000, 270.000, 0.000)
80815196100,80.309700,(-1.7560, 1.6360, 6.6500),(0.000, 270.000, 0.000)
80828872400,80.323370,(-1.7560, 1.6360, 6.6500),(0.000, 270.000, 0.000)
80842369900,80.337230,(-1.7560, 1.6360, 6.6500),(0.000, 270.000, 0.000)
80856720500,80.351280,(-1.7560, 1.6360, 6.6500),(0.000, 270.000, 0.000)
80870510800,80.365070,(-1.7560, 1.6360, 6.6500),(0.000, 270.000, 0.000)
80884168800,80.379020,(-1.7560, 1.6360, 6.6500),(0.000, 270.000, 0.000)
80898291100,80.392840,(-1.7560, 1.6360, 6.6500),(0.000, 270.000, 0.000)
80912458900,80.407010,(-1.7560, 1.6360, 6.6500),(0.000, 270.000, 0.000)
80941583200,80.436090,(-1.7560, 1.6360, 6.6500),(0.000, 270.000, 0.000)
80953748900,80.448390,(-1.7560, 1.6360, 6.6500),(0.000, 270.000, 0.000)
80968078500,80.462590,(-1.7560, 1.6360, 6.6500),(0.000, 270.000, 0.000)
80981388500,80.476320,(-1.7560, 1.6360, 6.6500),(0.000, 270.000, 0.000)
80995810300,80.490360,(-1.7560, 1.6360, 6.6500),(0.000, 270.000, 0.000)
81009960500,80.504480,(-1.7560, 1.6360, 6.6500),(0.000, 270.000, 0.000)
81023421700,80.518260,(-1.7560, 1.6360, 6.6500),(0.000, 270.000, 0.000)
81037554000,80.532120,(-1.7560, 1.6360, 6.6500),(0.000, 270.000, 0.000)
81051572900,80.546120,(-1.7560, 1.6360, 6.6500),(0.000, 270.000, 0.000)
81065463900,80.560010,(-1.7560, 1.6360, 6.6500),(0.000, 270.000, 0.000)
81079028000,80.573970,(-1.7560, 1.6360, 6.6500),(0.000, 270.000, 0.000)
81093455100,80.588010,(-1.7560, 1.6360, 6.6500),(0.000, 270.000, 0.000)
81107474500,80.602020,(-1.7560, 1.6360, 6.6500),(0.000, 270.000, 0.000)
81120566400,80.615580,(-1.7560, 1.6360, 6.6500),(0.000, 270.000, 0.000)
81150949300,80.645160,(-1.7560, 1.6360, 6.6500),(0.000, 270.000, 0.000)
81162636900,80.657490,(-1.7560, 1.6360, 6.6500),(0.000, 270.000, 0.000)
81176847500,80.671410,(-1.7560, 1.6360, 6.6500),(0.000, 270.000, 0.000)
81190684100,80.685230,(-1.7560, 1.6360, 6.6500),(0.000, 270.000, 0.000)
81204222700,80.699140,(-1.7560, 1.6360, 6.6500),(0.000, 270.000, 0.000)
81218629300,80.713140,(-1.7560, 1.6360, 6.6500),(0.000, 270.000, 0.000)
81232618100,80.727170,(-1.7560, 1.6360, 6.6500),(0.000, 270.000, 0.000)
81246567200,80.741070,(-1.7560, 1.6360, 6.6500),(0.000, 270.000, 0.000)
81259954900,80.754900,(-1.7560, 1.6360, 6.6500),(0.000, 270.000, 0.000)
81274432500,80.768950,(-1.7560, 1.6360, 6.6500),(0.000, 270.000, 0.000)
81288194700,80.782820,(-1.7560, 1.6360, 6.6500),(0.000, 270.000, 0.000)
81301593100,80.796510,(-1.7560, 1.6360, 6.6500),(0.000, 270.000, 0.000)
81316108100,80.810690,(-1.7560, 1.6360, 6.6500),(0.000, 270.000, 0.000)
81330052100,80.824620,(-1.7560, 1.6360, 6.6500),(0.000, 270.000, 0.000)
81359684700,80.854120,(-1.7560, 1.6360, 6.6500),(0.000, 270.000, 0.000)
81372121200,80.866580,(-1.7560, 1.6360, 6.6500),(0.000, 270.000, 0.000)
81385020900,80.879960,(-1.7560, 1.6360, 6.6500),(0.000, 270.000, 0.000)
81399823100,80.894340,(-1.7560, 1.6360, 6.6500),(0.000, 270.000, 0.000)
81413362500,80.907890,(-1.7560, 1.6360, 6.6500),(0.000, 270.000, 0.000)
81427345300,80.921900,(-1.7560, 1.6360, 6.6500),(0.000, 270.000, 0.000)
81440656000,80.935520,(-1.7560, 1.6360, 6.6500),(0.000, 270.000, 0.000)
81455060100,80.949620,(-1.7560, 1.6360, 6.6500),(0.000, 270.000, 0.000)
81469039700,80.963540,(-1.7560, 1.6360, 6.6500),(0.000, 270.000, 0.000)
81482205100,80.977190,(-1.7560, 1.6360, 6.6500),(0.000, 270.000, 0.000)
81496610000,80.991200,(-1.7560, 1.6360, 6.6500),(0.000, 270.000, 0.000)
81510580500,81.005070,(-1.7560, 1.6360, 6.6500),(0.000, 270.000, 0.000)
81524415100,81.019310,(-1.7560, 1.6360, 6.6500),(0.000, 270.000, 0.000)
81538459600,81.033090,(-1.7560, 1.6360, 6.6500),(0.000, 270.000, 0.000)
81567880500,81.062060,(-1.7560, 1.6360, 6.6500),(0.000, 270.000, 0.000)
81579941600,81.074820,(-1.7560, 1.6360, 6.6500),(0.000, 270.000, 0.000)
81594128500,81.088660,(-1.7560, 1.6360, 6.6500),(0.000, 270.000, 0.000)
81607849900,81.102390,(-1.7560, 1.6360, 6.6500),(0.000, 270.000, 0.000)
81621553600,81.116460,(-1.7560, 1.6360, 6.6500),(0.000, 270.000, 0.000)
81635404300,81.129940,(-1.7560, 1.6360, 6.6500),(0.000, 270.000, 0.000)
81649319700,81.143920,(-1.7560, 1.6360, 6.6500),(0.000, 270.000, 0.000)
81662895200,81.157750,(-1.7560, 1.6360, 6.6500),(0.000, 270.000, 0.000)
81677254100,81.171830,(-1.7560, 1.6360, 6.6500),(0.000, 270.000, 0.000)
81691260100,81.185810,(-1.7560, 1.6360, 6.6500),(0.000, 270.000, 0.000)
81704788900,81.199700,(-1.7560, 1.6360, 6.6500),(0.000, 270.000, 0.000)
81718962500,81.213550,(-1.7560, 1.6360, 6.6500),(0.000, 270.000, 0.000)
81732850300,81.227330,(-1.7560, 1.6360, 6.6500),(0.000, 270.000, 0.000)
81746728500,81.241290,(-1.7560, 1.6360, 6.6500),(0.000, 270.000, 0.000)
81775898100,81.270420,(-1.7560, 1.6360, 6.6500),(0.000, 270.000, 0.000)
81788260900,81.282870,(-1.7560, 1.6360, 6.6500),(0.000, 270.000, 0.000)
81801948100,81.296870,(-1.7560, 1.6360, 6.6500),(0.000, 270.000, 0.000)
81815821700,81.310410,(-1.7560, 1.6360, 6.6500),(0.000, 270.000, 0.000)
81830178900,81.324740,(-1.7560, 1.6360, 6.6500),(0.000, 270.000, 0.000)
81843678500,81.338580,(-1.7560, 1.6360, 6.6500),(0.000, 270.000, 0.000)
81857870500,81.352440,(-1.7560, 1.6360, 6.6500),(0.000, 270.000, 0.000)
81872084100,81.366590,(-1.7560, 1.6360, 6.6500),(0.000, 270.000, 0.000)
81885893500,81.380480,(-1.7560, 1.6360, 6.6500),(0.000, 270.000, 0.000)
81899157600,81.394070,(-1.7560, 1.6360, 6.6500),(0.000, 270.000, 0.000)
81913360900,81.407880,(-1.7560, 1.6360, 6.6500),(0.000, 270.000, 0.000)
81927350500,81.421910,(-1.7560, 1.6360, 6.6500),(0.000, 270.000, 0.000)
81940849300,81.435760,(-1.7560, 1.6360, 6.6500),(0.000, 270.000, 0.000)
81955322800,81.449860,(-1.7560, 1.6360, 6.6500),(0.000, 270.000, 0.000)
81984492400,81.479010,(-1.7560, 1.6360, 6.6500),(0.000, 270.000, 0.000)
81996628800,81.491290,(-1.7560, 1.6360, 6.6500),(0.000, 270.000, 0.000)
82010530100,81.505150,(-1.7560, 1.6360, 6.6500),(0.000, 270.000, 0.000)
82024271100,81.519220,(-1.7560, 1.6360, 6.6500),(0.000, 270.000, 0.000)
82038565900,81.533130,(-1.7560, 1.6360, 6.6500),(0.000, 270.000, 0.000)
82052621700,81.547170,(-1.7560, 1.6360, 6.6500),(0.000, 270.000, 0.000)
82066326800,81.560930,(-1.7560, 1.6360, 6.6500),(0.000, 270.000, 0.000)
82079987200,81.574940,(-1.7560, 1.6360, 6.6500),(0.000, 270.000, 0.000)
82094220300,81.588780,(-1.7560, 1.6360, 6.6500),(0.000, 270.000, 0.000)
82108238400,81.602780,(-1.7560, 1.6360, 6.6500),(0.000, 270.000, 0.000)
82121769700,81.616710,(-1.7560, 1.6360, 6.6500),(0.000, 270.000, 0.000)
82135884500,81.630520,(-1.7560, 1.6360, 6.6500),(0.000, 270.000, 0.000)
82149938400,81.644530,(-1.7560, 1.6360, 6.6500),(0.000, 270.000, 0.000)
82163805900,81.658650,(-1.7560, 1.6360, 6.6500),(0.000, 270.000, 0.000)
82193795300,81.688050,(-1.7560, 1.6360, 6.6500),(0.000, 270.000, 0.000)
82206139200,81.700630,(-1.7560, 1.6360, 6.6500),(0.000, 270.000, 0.000)
82219096100,81.714040,(-1.7560, 1.6360, 6.6500),(0.000, 270.000, 0.000)
82236498100,81.728020,(-1.7560, 1.6360, 6.6500),(0.000, 270.000, 0.000)
82250557500,81.745030,(-1.7560, 1.6360, 6.6500),(0.000, 270.000, 0.000)
82264235500,81.758990,(-1.7560, 1.6360, 6.6500),(0.000, 270.000, 0.000)
82278756100,81.772870,(-1.7560, 1.6360, 6.6500),(0.000, 270.000, 0.000)
82292930500,81.787140,(-1.7560, 1.6360, 6.6500),(0.000, 270.000, 0.000)
82306903200,81.801090,(-1.7560, 1.6360, 6.6500),(0.000, 270.000, 0.000)
82320126500,81.814800,(-1.7560, 1.6360, 6.6500),(0.000, 270.000, 0.000)
82334579700,81.828750,(-1.7560, 1.6360, 6.6500),(0.000, 270.000, 0.000)
82362331300,81.856580,(-1.7560, 1.6360, 6.6500),(0.000, 270.000, 0.000)
82373143200,81.867710,(-1.7560, 1.6360, 6.6500),(0.000, 270.000, 0.000)
82403323500,81.897900,(-1.7560, 1.6360, 6.6500),(0.000, 270.000, 0.000)
82414450400,81.909040,(-1.7560, 1.6360, 6.6500),(0.000, 270.000, 0.000)
82428568000,81.923110,(-1.7560, 1.6360, 6.6500),(0.000, 270.000, 0.000)
82441508400,81.936480,(-1.7560, 1.6360, 6.6500),(0.000, 270.000, 0.000)
82456145100,81.950710,(-1.7560, 1.6360, 6.6500),(0.000, 270.000, 0.000)
82470333100,81.964900,(-1.7560, 1.6360, 6.6500),(0.000, 270.000, 0.000)
82483864000,81.978610,(-1.7560, 1.6360, 6.6500),(0.000, 270.000, 0.000)
82498338900,81.992900,(-1.7560, 1.6360, 6.6500),(0.000, 270.000, 0.000)
82512419100,82.006620,(-1.7560, 1.6360, 6.6500),(0.000, 270.000, 0.000)
82525837700,82.020410,(-1.7560, 1.6360, 6.6500),(0.000, 270.000, 0.000)
82539232800,82.034160,(-1.7560, 1.6360, 6.6500),(0.000, 270.000, 0.000)
82553706500,82.048280,(-1.7560, 1.6360, 6.6500),(0.000, 270.000, 0.000)
82567760100,82.062270,(-1.7560, 1.6360, 6.6500),(0.000, 270.000, 0.000)
82581023900,82.075930,(-1.7560, 1.6360, 6.6500),(0.000, 270.000, 0.000)
82612646900,82.106920,(-1.7560, 1.6360, 6.6500),(0.000, 270.000, 0.000)
82622872800,82.117850,(-1.7560, 1.6360, 6.6500),(0.000, 270.000, 0.000)
82637270000,82.131810,(-1.7560, 1.6360, 6.6500),(0.000, 270.000, 0.000)
82651133300,82.145700,(-1.7560, 1.6360, 6.6500),(0.000, 270.000, 0.000)
82664903500,82.159730,(-1.7560, 1.6360, 6.6500),(0.000, 270.000, 0.000)
82678863700,82.173450,(-1.7560, 1.6360, 6.6500),(0.000, 270.000, 0.000)
82693049600,82.187570,(-1.7560, 1.6360, 6.6500),(0.000, 270.000, 0.000)
82707141100,82.201610,(-1.7560, 1.6360, 6.6500),(0.000, 270.000, 0.000)
82720521500,82.215400,(-1.7560, 1.6360, 6.6500),(0.000, 270.000, 0.000)
82734724000,82.229290,(-1.7560, 1.6360, 6.6500),(0.000, 270.000, 0.000)
82748495500,82.243060,(-1.7560, 1.6360, 6.6500),(0.000, 270.000, 0.000)
82762106500,82.257060,(-1.7560, 1.6360, 6.6500),(0.000, 270.000, 0.000)
82776489300,82.271100,(-1.7560, 1.6360, 6.6500),(0.000, 270.000, 0.000)
82790344500,82.284910,(-1.7560, 1.6360, 6.6500),(0.000, 270.000, 0.000)
82821205300,82.315680,(-1.7560, 1.6360, 6.6500),(0.000, 270.000, 0.000)
82832294400,82.326920,(-1.7560, 1.6360, 6.6500),(0.000, 270.000, 0.000)
82845942100,82.340500,(-1.7560, 1.6360, 6.6500),(0.000, 270.000, 0.000)
82859606800,82.354520,(-1.7560, 1.6360, 6.6500),(0.000, 270.000, 0.000)
82874192800,82.368660,(-1.7560, 1.6360, 6.6500),(0.000, 270.000, 0.000)
82887939100,82.382450,(-1.7560, 1.6360, 6.6500),(0.000, 270.000, 0.000)
82901166400,82.396160,(-1.7560, 1.6360, 6.6500),(0.000, 270.000, 0.000)
82915603700,82.410110,(-1.7560, 1.6360, 6.6500),(0.000, 270.000, 0.000)
82929614500,82.424200,(-1.7560, 1.6360, 6.6500),(0.000, 270.000, 0.000)
82943281700,82.438160,(-1.7560, 1.6360, 6.6500),(0.000, 270.000, 0.000)
82957498500,82.451960,(-1.7560, 1.6360, 6.6500),(0.000, 270.000, 0.000)
82971486800,82.466030,(-1.7560, 1.6360, 6.6500),(0.000, 270.000, 0.000)
82984905200,82.479800,(-1.7560, 1.6360, 6.6500),(0.000, 270.000, 0.000)
82999155700,82.493780,(-1.7560, 1.6360, 6.6500),(0.000, 270.000, 0.000)
83030241100,82.524640,(-1.7560, 1.6360, 6.6500),(0.000, 270.000, 0.000)
83040703300,82.535640,(-1.7560, 1.6360, 6.6500),(0.000, 270.000, 0.000)
83054895300,82.549510,(-1.7560, 1.6360, 6.6500),(0.000, 270.000, 0.000)
83068650400,82.563260,(-1.7560, 1.6360, 6.6500),(0.000, 270.000, 0.000)
83082188800,82.577160,(-1.7560, 1.6360, 6.6500),(0.000, 270.000, 0.000)
83096705900,82.591210,(-1.7560, 1.6360, 6.6500),(0.000, 270.000, 0.000)
83110646000,82.605150,(-1.7560, 1.6360, 6.6500),(0.000, 270.000, 0.000)
83124531300,82.619390,(-1.7560, 1.6360, 6.6500),(0.000, 270.000, 0.000)
83138473200,82.633050,(-1.7560, 1.6360, 6.6500),(0.000, 270.000, 0.000)
83152458800,82.647020,(-1.7560, 1.6360, 6.6500),(0.000, 270.000, 0.000)
83166768700,82.661210,(-1.7560, 1.6360, 6.6500),(0.000, 270.000, 0.000)
83179929700,82.674790,(-1.7560, 1.6360, 6.6500),(0.000, 270.000, 0.000)
83194361200,82.688900,(-1.7560, 1.6360, 6.6500),(0.000, 270.000, 0.000)
83208327100,82.702880,(-1.7560, 1.6360, 6.6500),(0.000, 270.000, 0.000)
83238757300,82.733300,(-1.7560, 1.6360, 6.6500),(0.000, 270.000, 0.000)
83250169300,82.744750,(-1.7560, 1.6360, 6.6500),(0.000, 270.000, 0.000)
83263442100,82.758310,(-1.7560, 1.6360, 6.6500),(0.000, 270.000, 0.000)
83277910300,82.772430,(-1.7560, 1.6360, 6.6500),(0.000, 270.000, 0.000)
83291686700,82.786190,(-1.7560, 1.6360, 6.6500),(0.000, 270.000, 0.000)
83305713100,82.800300,(-1.7560, 1.6360, 6.6500),(0.000, 270.000, 0.000)
83319474900,82.814330,(-1.7560, 1.6360, 6.6500),(0.000, 270.000, 0.000)
83333635100,82.828130,(-1.7560, 1.6360, 6.6500),(0.000, 270.000, 0.000)
83347394500,82.842000,(-1.7560, 1.6360, 6.6500),(0.000, 270.000, 0.000)
83360818300,82.855800,(-1.7560, 1.6360, 6.6500),(0.000, 270.000, 0.000)
83375167200,82.869760,(-1.7560, 1.6360, 6.6500),(0.000, 270.000, 0.000)
83389216700,82.883740,(-1.7560, 1.6360, 6.6500),(0.000, 270.000, 0.000)
83402719600,82.897600,(-1.7560, 1.6360, 6.6500),(0.000, 270.000, 0.000)
83417064800,82.911620,(-1.7560, 1.6360, 6.6500),(0.000, 270.000, 0.000)
83447919200,82.942250,(-1.7560, 1.6360, 6.6500),(0.000, 270.000, 0.000)
83458768500,82.953640,(-1.7560, 1.6360, 6.6500),(0.000, 270.000, 0.000)
83472913500,82.967460,(-1.7560, 1.6360, 6.6500),(0.000, 270.000, 0.000)
83486986100,82.981460,(-1.7560, 1.6360, 6.6500),(0.000, 270.000, 0.000)
83500221600,82.995140,(-1.7560, 1.6360, 6.6500),(0.000, 270.000, 0.000)
83514477700,83.009030,(-1.7560, 1.6360, 6.6500),(0.000, 270.000, 0.000)
83528716800,83.023260,(-1.7560, 1.6360, 6.6500),(0.000, 270.000, 0.000)
83542018100,83.036930,(-1.7560, 1.6360, 6.6500),(0.000, 270.000, 0.000)
83556144000,83.050750,(-1.7560, 1.6360, 6.6500),(0.000, 270.000, 0.000)
83570261100,83.064780,(-1.7560, 1.6360, 6.6500),(0.000, 270.000, 0.000)
83583717700,83.078610,(-1.7560, 1.6360, 6.6500),(0.000, 270.000, 0.000)
83598094400,83.092660,(-1.7560, 1.6360, 6.6500),(0.000, 270.000, 0.000)
83612024900,83.106620,(-1.7560, 1.6360, 6.6500),(0.000, 270.000, 0.000)
83626194400,83.120740,(-1.7560, 1.6360, 6.6500),(0.000, 270.000, 0.000)
83656505900,83.151050,(-1.7560, 1.6360, 6.6500),(0.000, 270.000, 0.000)
83667974000,83.162510,(-1.7560, 1.6360, 6.6500),(0.000, 270.000, 0.000)
83681244900,83.176190,(-1.7560, 1.6360, 6.6500),(0.000, 270.000, 0.000)
83695506500,83.190100,(-1.7560, 1.6360, 6.6500),(0.000, 270.000, 0.000)
83709362400,83.203950,(-1.7560, 1.6360, 6.6500),(0.000, 270.000, 0.000)
83723201600,83.217990,(-1.7560, 1.6360, 6.6500),(0.000, 270.000, 0.000)
83737385100,83.231980,(-1.7560, 1.6360, 6.6500),(0.000, 270.000, 0.000)
83751363700,83.245930,(-1.7560, 1.6360, 6.6500),(0.000, 270.000, 0.000)
83764881300,83.259780,(-1.7560, 1.6360, 6.6500),(0.000, 270.000, 0.000)
83779168500,83.273670,(-1.7560, 1.6360, 6.6500),(0.000, 270.000, 0.000)
83793117900,83.287700,(-1.7560, 1.6360, 6.6500),(0.000, 270.000, 0.000)
83807134500,83.301640,(-1.7560, 1.6360, 6.6500),(0.000, 270.000, 0.000)
83820528800,83.315440,(-1.7560, 1.6360, 6.6500),(0.000, 270.000, 0.000)
83834988700,83.329510,(-1.7560, 1.6360, 6.6500),(0.000, 270.000, 0.000)
83865868900,83.360190,(-1.7560, 1.6360, 6.6500),(0.000, 270.000, 0.000)
83876358800,83.371260,(-1.7560, 1.6360, 6.6500),(0.000, 270.000, 0.000)
83890701100,83.385190,(-1.7560, 1.6360, 6.6500),(0.000, 270.000, 0.000)
83904425300,83.399310,(-1.7560, 1.6360, 6.6500),(0.000, 270.000, 0.000)
83918332900,83.412900,(-1.7560, 1.6360, 6.6500),(0.000, 270.000, 0.000)
83932587200,83.427090,(-1.7560, 1.6360, 6.6500),(0.000, 270.000, 0.000)
83946566100,83.441060,(-1.7560, 1.6360, 6.6500),(0.000, 270.000, 0.000)
83959753200,83.454640,(-1.7560, 1.6360, 6.6500),(0.000, 270.000, 0.000)
83974204300,83.468730,(-1.7560, 1.6360, 6.6500),(0.000, 270.000, 0.000)
83988516800,83.483000,(-1.7560, 1.6360, 6.6500),(0.000, 270.000, 0.000)
84001931200,83.496780,(-1.7560, 1.6360, 6.6500),(0.000, 270.000, 0.000)
84016023500,83.510560,(-1.7560, 1.6360, 6.6500),(0.000, 270.000, 0.000)
84029877200,83.524430,(-1.7560, 1.6360, 6.6500),(0.000, 270.000, 0.000)
84043242500,83.538150,(-1.7560, 1.6360, 6.6500),(0.000, 270.000, 0.000)
84074800000,83.568890,(-1.7560, 1.6360, 6.6500),(0.000, 270.000, 0.000)
84085450000,83.580070,(-1.7560, 1.6360, 6.6500),(0.000, 270.000, 0.000)
84099057300,83.594010,(-1.7560, 1.6360, 6.6500),(0.000, 270.000, 0.000)
84113854000,83.608320,(-1.7560, 1.6360, 6.6500),(0.000, 270.000, 0.000)
84127228900,83.621730,(-1.7560, 1.6360, 6.6500),(0.000, 270.000, 0.000)
84140552500,83.635480,(-1.7560, 1.6360, 6.6500),(0.000, 270.000, 0.000)
84155143600,83.649730,(-1.7560, 1.6360, 6.6500),(0.000, 270.000, 0.000)
84169300100,83.663810,(-1.7560, 1.6360, 6.6500),(0.000, 270.000, 0.000)
84182536500,83.677470,(-1.7560, 1.6360, 6.6500),(0.000, 270.000, 0.000)
84197048500,83.691610,(-1.7560, 1.6360, 6.6500),(0.000, 270.000, 0.000)
84211259600,83.705760,(-1.7560, 1.6360, 6.6500),(0.000, 270.000, 0.000)
84224316700,83.719310,(-1.7560, 1.6360, 6.6500),(0.000, 270.000, 0.000)
84238916900,83.733370,(-1.7560, 1.6360, 6.6500),(0.000, 270.000, 0.000)
84252854400,83.747350,(-1.7560, 1.6360, 6.6500),(0.000, 270.000, 0.000)
84283347300,83.777850,(-1.7560, 1.6360, 6.6500),(0.000, 270.000, 0.000)
84294892900,83.789420,(-1.7560, 1.6360, 6.6500),(0.000, 270.000, 0.000)
84308528900,83.803040,(-1.7560, 1.6360, 6.6500),(0.000, 270.000, 0.000)
84322374800,83.817270,(-1.7560, 1.6360, 6.6500),(0.000, 270.000, 0.000)
84336099700,83.830690,(-1.7560, 1.6360, 6.6500),(0.000, 270.000, 0.000)
84349927200,83.844520,(-1.7560, 1.6360, 6.6500),(0.000, 270.000, 0.000)
84363618900,83.858490,(-1.7560, 1.6360, 6.6500),(0.000, 270.000, 0.000)
84378017200,83.872600,(-1.7560, 1.6360, 6.6500),(0.000, 270.000, 0.000)
84391979900,83.886550,(-1.7560, 1.6360, 6.6500),(0.000, 270.000, 0.000)
84405965900,83.900500,(-1.7560, 1.6360, 6.6500),(0.000, 270.000, 0.000)
84419450900,83.914400,(-1.7560, 1.6360, 6.6500),(0.000, 270.000, 0.000)
84433803200,83.928310,(-1.7560, 1.6360, 6.6500),(0.000, 270.000, 0.000)
84447753100,83.942300,(-1.7560, 1.6360, 6.6500),(0.000, 270.000, 0.000)
84461254400,83.956130,(-1.7560, 1.6360, 6.6500),(0.000, 270.000, 0.000)
84492222800,83.986540,(-1.7560, 1.6360, 6.6500),(0.000, 270.000, 0.000)
84502908000,83.997830,(-1.7560, 1.6360, 6.6500),(0.000, 270.000, 0.000)
84517439300,84.012000,(-1.7560, 1.6360, 6.6500),(0.000, 270.000, 0.000)
84531448500,84.026010,(-1.7560, 1.6360, 6.6500),(0.000, 270.000, 0.000)
84544768100,84.039690,(-1.7560, 1.6360, 6.6500),(0.000, 270.000, 0.000)
84559162900,84.053740,(-1.7560, 1.6360, 6.6500),(0.000, 270.000, 0.000)
84573347300,84.067790,(-1.7560, 1.6360, 6.6500),(0.000, 270.000, 0.000)
84587057900,84.081600,(-1.7560, 1.6360, 6.6500),(0.000, 270.000, 0.000)
84600502100,84.095440,(-1.7560, 1.6360, 6.6500),(0.000, 270.000, 0.000)
84614837700,84.109390,(-1.7560, 1.6360, 6.6500),(0.000, 270.000, 0.000)
84628962400,84.123560,(-1.7560, 1.6360, 6.6500),(0.000, 270.000, 0.000)
84642438700,84.137340,(-1.7560, 1.6360, 6.6500),(0.000, 270.000, 0.000)
84656585100,84.151160,(-1.7560, 1.6360, 6.6500),(0.000, 270.000, 0.000)
84670656400,84.165140,(-1.7560, 1.6360, 6.6500),(0.000, 270.000, 0.000)
84701607500,84.195980,(-1.7560, 1.6360, 6.6500),(0.000, 270.000, 0.000)
84712749600,84.207240,(-1.7560, 1.6360, 6.6500),(0.000, 270.000, 0.000)
84726211700,84.220760,(-1.7560, 1.6360, 6.6500),(0.000, 270.000, 0.000)
84739738500,84.234650,(-1.7560, 1.6360, 6.6500),(0.000, 270.000, 0.000)
84754121300,84.248660,(-1.7560, 1.6360, 6.6500),(0.000, 270.000, 0.000)
84768046500,84.262580,(-1.7560, 1.6360, 6.6500),(0.000, 270.000, 0.000)
84781495600,84.276410,(-1.7560, 1.6360, 6.6500),(0.000, 270.000, 0.000)
84796124500,84.290700,(-1.7560, 1.6360, 6.6500),(0.000, 270.000, 0.000)
84809882000,84.304380,(-1.7560, 1.6360, 6.6500),(0.000, 270.000, 0.000)
84823373300,84.318280,(-1.7560, 1.6360, 6.6500),(0.000, 270.000, 0.000)
84837889200,84.332410,(-1.7560, 1.6360, 6.6500),(0.000, 270.000, 0.000)
84851668700,84.346220,(-1.7560, 1.6360, 6.6500),(0.000, 270.000, 0.000)
84865516100,84.360070,(-1.7560, 1.6360, 6.6500),(0.000, 270.000, 0.000)
84878948700,84.373850,(-1.7560, 1.6360, 6.6500),(0.000, 270.000, 0.000)
84910081200,84.404420,(-1.7560, 1.6360, 6.6500),(0.000, 270.000, 0.000)
84920751500,84.415720,(-1.7560, 1.6360, 6.6500),(0.000, 270.000, 0.000)
84935112500,84.429590,(-1.7560, 1.6360, 6.6500),(0.000, 270.000, 0.000)
84949184000,84.443730,(-1.7560, 1.6360, 6.6500),(0.000, 270.000, 0.000)
84962578900,84.457480,(-1.7560, 1.6360, 6.6500),(0.000, 270.000, 0.000)
84976852400,84.471390,(-1.7560, 1.6360, 6.6500),(0.000, 270.000, 0.000)
84990934700,84.485490,(-1.7560, 1.6360, 6.6500),(0.000, 270.000, 0.000)
85004701300,84.499590,(-1.7560, 1.6360, 6.6500),(0.000, 270.000, 0.000)
85018916100,84.513440,(-1.7560, 1.6360, 6.6500),(0.000, 270.000, 0.000)
85032836300,84.527390,(-1.7560, 1.6360, 6.6500),(0.000, 270.000, 0.000)
85046808400,84.541340,(-1.7560, 1.6360, 6.6500),(0.000, 270.000, 0.000)
85060202900,84.555040,(-1.7560, 1.6360, 6.6500),(0.000, 270.000, 0.000)
85074422400,84.568990,(-1.7560, 1.6360, 6.6500),(0.000, 270.000, 0.000)
85088348000,84.582930,(-1.7560, 1.6360, 6.6500),(0.000, 270.000, 0.000)
85118892400,84.613340,(-1.7560, 1.6360, 6.6500),(0.000, 270.000, 0.000)
85130005300,84.624650,(-1.7560, 1.6360, 6.6500),(0.000, 270.000, 0.000)
85143562400,84.638440,(-1.7560, 1.6360, 6.6500),(0.000, 270.000, 0.000)
85157870300,84.652450,(-1.7560, 1.6360, 6.6500),(0.000, 270.000, 0.000)
85171898900,84.666440,(-1.7560, 1.6360, 6.6500),(0.000, 270.000, 0.000)
85185944500,84.680480,(-1.7560, 1.6360, 6.6500),(0.000, 270.000, 0.000)
85199374500,84.694320,(-1.7560, 1.6360, 6.6500),(0.000, 270.000, 0.000)
85213903700,84.708340,(-1.7560, 1.6360, 6.6500),(0.000, 270.000, 0.000)
85227952000,84.722560,(-1.7560, 1.6360, 6.6500),(0.000, 270.000, 0.000)
85241141700,84.736070,(-1.7560, 1.6360, 6.6500),(0.000, 270.000, 0.000)
85255527900,84.750030,(-1.7560, 1.6360, 6.6500),(0.000, 270.000, 0.000)
85269480500,84.763990,(-1.7560, 1.6360, 6.6500),(0.000, 270.000, 0.000)
85282884000,84.777700,(-1.7560, 1.6360, 6.6500),(0.000, 270.000, 0.000)
85297194100,84.791760,(-1.7560, 1.6360, 6.6500),(0.000, 270.000, 0.000)
85327987500,84.822320,(-1.7560, 1.6360, 6.6500),(0.000, 270.000, 0.000)
85338633900,84.833620,(-1.7560, 1.6360, 6.6500),(0.000, 270.000, 0.000)
85352732300,84.847260,(-1.7560, 1.6360, 6.6500),(0.000, 270.000, 0.000)
85367032900,84.861500,(-1.7560, 1.6360, 6.6500),(0.000, 270.000, 0.000)
85380406900,84.875370,(-1.7560, 1.6360, 6.6500),(0.000, 270.000, 0.000)
85394681300,84.889260,(-1.7560, 1.6360, 6.6500),(0.000, 270.000, 0.000)
85408698500,84.903230,(-1.7560, 1.6360, 6.6500),(0.000, 270.000, 0.000)
85422215100,84.917130,(-1.7560, 1.6360, 6.6500),(0.000, 270.000, 0.000)
85436502100,84.931080,(-1.7560, 1.6360, 6.6500),(0.000, 270.000, 0.000)
85450419100,84.944960,(-1.7560, 1.6360, 6.6500),(0.000, 270.000, 0.000)
85464181700,84.959080,(-1.7560, 1.6360, 6.6500),(0.000, 270.000, 0.000)
85478211300,84.972810,(-1.7560, 1.6360, 6.6500),(0.000, 270.000, 0.000)
85492402300,84.986920,(-1.7560, 1.6360, 6.6500),(0.000, 270.000, 0.000)
85506148500,85.000710,(-1.7560, 1.6360, 6.6500),(0.000, 270.000, 0.000)
85536871500,85.031180,(-1.7560, 1.6360, 6.6500),(0.000, 270.000, 0.000)
85548299300,85.042880,(-1.7560, 1.6360, 6.6500),(0.000, 270.000, 0.000)
85561480300,85.056370,(-1.7560, 1.6360, 6.6500),(0.000, 270.000, 0.000)
85575782300,85.070340,(-1.7560, 1.6360, 6.6500),(0.000, 270.000, 0.000)
85589692300,85.084240,(-1.7560, 1.6360, 6.6500),(0.000, 270.000, 0.000)
85603140900,85.098030,(-1.7560, 1.6360, 6.6500),(0.000, 270.000, 0.000)
85617496100,85.112050,(-1.7560, 1.6360, 6.6500),(0.000, 270.000, 0.000)
85631512900,85.126020,(-1.7560, 1.6360, 6.6500),(0.000, 270.000, 0.000)
85645458500,85.140040,(-1.7560, 1.6360, 6.6500),(0.000, 270.000, 0.000)
85659146100,85.153960,(-1.7560, 1.6360, 6.6500),(0.000, 270.000, 0.000)
85673346100,85.167900,(-1.7560, 1.6360, 6.6500),(0.000, 270.000, 0.000)
85687375500,85.181860,(-1.7560, 1.6360, 6.6500),(0.000, 270.000, 0.000)
85700733600,85.195630,(-1.7560, 1.6360, 6.6500),(0.000, 270.000, 0.000)
85715056400,85.209570,(-1.7560, 1.6360, 6.6500),(0.000, 270.000, 0.000)
85745318800,85.239810,(-1.7560, 1.6360, 6.6500),(0.000, 270.000, 0.000)
85757176500,85.251780,(-1.7560, 1.6360, 6.6500),(0.000, 270.000, 0.000)
85770744900,85.265300,(-1.7560, 1.6360, 6.6500),(0.000, 270.000, 0.000)
85784240500,85.279090,(-1.7560, 1.6360, 6.6500),(0.000, 270.000, 0.000)
85798634400,85.293120,(-1.7560, 1.6360, 6.6500),(0.000, 270.000, 0.000)
85812670900,85.307160,(-1.7560, 1.6360, 6.6500),(0.000, 270.000, 0.000)
85826619900,85.321100,(-1.7560, 1.6360, 6.6500),(0.000, 270.000, 0.000)
85840137600,85.335010,(-1.7560, 1.6360, 6.6500),(0.000, 270.000, 0.000)
85854332400,85.348880,(-1.7560, 1.6360, 6.6500),(0.000, 270.000, 0.000)
85868213900,85.362820,(-1.7560, 1.6360, 6.6500),(0.000, 270.000, 0.000)
85881856700,85.376750,(-1.7560, 1.6360, 6.6500),(0.000, 270.000, 0.000)
85896045700,85.390630,(-1.7560, 1.6360, 6.6500),(0.000, 270.000, 0.000)
85910049600,85.404560,(-1.7560, 1.6360, 6.6500),(0.000, 270.000, 0.000)
85923687500,85.418460,(-1.7560, 1.6360, 6.6500),(0.000, 270.000, 0.000)
85954674500,85.449050,(-1.7560, 1.6360, 6.6500),(0.000, 270.000, 0.000)
85965928500,85.460480,(-1.7560, 1.6360, 6.6500),(0.000, 270.000, 0.000)
85979748700,85.474630,(-1.7560, 1.6360, 6.6500),(0.000, 270.000, 0.000)
85993705700,85.488200,(-1.7560, 1.6360, 6.6500),(0.000, 270.000, 0.000)
86007775700,85.502230,(-1.7560, 1.6360, 6.6500),(0.000, 270.000, 0.000)
86021324900,85.516240,(-1.7560, 1.6360, 6.6500),(0.000, 270.000, 0.000)
86035351600,85.529880,(-1.7560, 1.6360, 6.6500),(0.000, 270.000, 0.000)
86049323600,85.543880,(-1.7560, 1.6360, 6.6500),(0.000, 270.000, 0.000)
86062973300,85.557900,(-1.7560, 1.6360, 6.6500),(0.000, 270.000, 0.000)
86076886400,85.571640,(-1.7560, 1.6360, 6.6500),(0.000, 270.000, 0.000)
86090957900,85.585720,(-1.7560, 1.6360, 6.6500),(0.000, 270.000, 0.000)
86104604900,85.599690,(-1.7560, 1.6360, 6.6500),(0.000, 270.000, 0.000)
86118856500,85.613530,(-1.7560, 1.6360, 6.6500),(0.000, 270.000, 0.000)
86132739100,85.627460,(-1.7560, 1.6360, 6.6500),(0.000, 270.000, 0.000)
86162996400,85.657670,(-1.7560, 1.6360, 6.6500),(0.000, 270.000, 0.000)
86174486100,85.669210,(-1.7560, 1.6360, 6.6500),(0.000, 270.000, 0.000)
86188324100,85.683080,(-1.7560, 1.6360, 6.6500),(0.000, 270.000, 0.000)
86201845900,85.696930,(-1.7560, 1.6360, 6.6500),(0.000, 270.000, 0.000)
86216307600,85.711060,(-1.7560, 1.6360, 6.6500),(0.000, 270.000, 0.000)
86230362100,85.725000,(-1.7560, 1.6360, 6.6500),(0.000, 270.000, 0.000)
86243862800,85.738870,(-1.7560, 1.6360, 6.6500),(0.000, 270.000, 0.000)
86257970800,85.752710,(-1.7560, 1.6360, 6.6500),(0.000, 270.000, 0.000)
86271918100,85.766660,(-1.7560, 1.6360, 6.6500),(0.000, 270.000, 0.000)
86285894100,85.780610,(-1.7560, 1.6360, 6.6500),(0.000, 270.000, 0.000)
86299493700,85.794560,(-1.7560, 1.6360, 6.6500),(0.000, 270.000, 0.000)
86313607600,85.808360,(-1.7560, 1.6360, 6.6500),(0.000, 270.000, 0.000)
86327932000,85.822690,(-1.7560, 1.6360, 6.6500),(0.000, 270.000, 0.000)
86341250900,85.836330,(-1.7560, 1.6360, 6.6500),(0.000, 270.000, 0.000)
86372081300,85.866550,(-1.7560, 1.6360, 6.6500),(0.000, 270.000, 0.000)
86383007500,85.878080,(-1.7560, 1.6360, 6.6500),(0.000, 270.000, 0.000)
86397330000,85.892100,(-1.7560, 1.6360, 6.6500),(0.000, 270.000, 0.000)
86411386900,85.906100,(-1.7560, 1.6360, 6.6500),(0.000, 270.000, 0.000)
86426248000,85.920970,(-1.7560, 1.6360, 6.6500),(0.000, 270.000, 0.000)
86439673700,85.934760,(-1.7560, 1.6360, 6.6500),(0.000, 270.000, 0.000)
86454040800,85.948780,(-1.7560, 1.6360, 6.6500),(0.000, 270.000, 0.000)
86467923100,85.962640,(-1.7560, 1.6360, 6.6500),(0.000, 270.000, 0.000)
86481490000,85.976550,(-1.7560, 1.6360, 6.6500),(0.000, 270.000, 0.000)
86495684300,85.990460,(-1.7560, 1.6360, 6.6500),(0.000, 270.000, 0.000)
86509617100,86.004360,(-1.7560, 1.6360, 6.6500),(0.000, 270.000, 0.000)
86523188500,86.018250,(-1.7560, 1.6360, 6.6500),(0.000, 270.000, 0.000)
86537558100,86.032290,(-1.7560, 1.6360, 6.6500),(0.000, 270.000, 0.000)
86551544900,86.046320,(-1.7560, 1.6360, 6.6500),(0.000, 270.000, 0.000)
86581586000,86.076210,(-1.7560, 1.6360, 6.6500),(0.000, 270.000, 0.000)
86593092400,86.087900,(-1.7560, 1.6360, 6.6500),(0.000, 270.000, 0.000)
86607045700,86.101830,(-1.7560, 1.6360, 6.6500),(0.000, 270.000, 0.000)
86620382900,86.115530,(-1.7560, 1.6360, 6.6500),(0.000, 270.000, 0.000)
86634650000,86.129430,(-1.7560, 1.6360, 6.6500),(0.000, 270.000, 0.000)
86648847700,86.143620,(-1.7560, 1.6360, 6.6500),(0.000, 270.000, 0.000)
86662171700,86.157340,(-1.7560, 1.6360, 6.6500),(0.000, 270.000, 0.000)
86676752500,86.171480,(-1.7560, 1.6360, 6.6500),(0.000, 270.000, 0.000)
86690723900,86.185490,(-1.7560, 1.6360, 6.6500),(0.000, 270.000, 0.000)
86704341500,86.199390,(-1.7560, 1.6360, 6.6500),(0.000, 270.000, 0.000)
86718510300,86.213300,(-1.7560, 1.6360, 6.6500),(0.000, 270.000, 0.000)
86732766900,86.227500,(-1.7560, 1.6360, 6.6500),(0.000, 270.000, 0.000)
86746378100,86.241180,(-1.7560, 1.6360, 6.6500),(0.000, 270.000, 0.000)
86759715500,86.254880,(-1.7560, 1.6360, 6.6500),(0.000, 270.000, 0.000)
86790735600,86.285260,(-1.7560, 1.6360, 6.6500),(0.000, 270.000, 0.000)
86802201100,86.297050,(-1.7560, 1.6360, 6.6500),(0.000, 270.000, 0.000)
86816680100,86.311180,(-1.7560, 1.6360, 6.6500),(0.000, 270.000, 0.000)
86830496500,86.324970,(-1.7560, 1.6360, 6.6500),(0.000, 270.000, 0.000)
86843923300,86.338800,(-1.7560, 1.6360, 6.6500),(0.000, 270.000, 0.000)
86858110100,86.352660,(-1.7560, 1.6360, 6.6500),(0.000, 270.000, 0.000)
86872331700,86.366840,(-1.7560, 1.6360, 6.6500),(0.000, 270.000, 0.000)
86886176100,86.380680,(-1.7560, 1.6360, 6.6500),(0.000, 270.000, 0.000)
86899426800,86.394350,(-1.7560, 1.6360, 6.6500),(0.000, 270.000, 0.000)
86913610300,86.408190,(-1.7560, 1.6360, 6.6500),(0.000, 270.000, 0.000)
86927856500,86.422390,(-1.7560, 1.6360, 6.6500),(0.000, 270.000, 0.000)
86941304000,86.436160,(-1.7560, 1.6360, 6.6500),(0.000, 270.000, 0.000)
86955601500,86.450080,(-1.7560, 1.6360, 6.6500),(0.000, 270.000, 0.000)
86969299300,86.463840,(-1.7560, 1.6360, 6.6500),(0.000, 270.000, 0.000)
87000130100,86.494580,(-1.7560, 1.6360, 6.6500),(0.000, 270.000, 0.000)
87011279300,86.505800,(-1.7560, 1.6360, 6.6500),(0.000, 270.000, 0.000)
87024527700,86.519450,(-1.7560, 1.6360, 6.6500),(0.000, 270.000, 0.000)
87038755700,86.533370,(-1.7560, 1.6360, 6.6500),(0.000, 270.000, 0.000)
87053127700,86.547600,(-1.7560, 1.6360, 6.6500),(0.000, 270.000, 0.000)
87067096100,86.561600,(-1.7560, 1.6360, 6.6500),(0.000, 270.000, 0.000)
87080608500,86.575490,(-1.7560, 1.6360, 6.6500),(0.000, 270.000, 0.000)
87094773300,86.589260,(-1.7560, 1.6360, 6.6500),(0.000, 270.000, 0.000)
87108746400,86.603340,(-1.7560, 1.6360, 6.6500),(0.000, 270.000, 0.000)
87122323200,86.617260,(-1.7560, 1.6360, 6.6500),(0.000, 270.000, 0.000)
87136660300,86.631190,(-1.7560, 1.6360, 6.6500),(0.000, 270.000, 0.000)
87150782800,86.645280,(-1.7560, 1.6360, 6.6500),(0.000, 270.000, 0.000)
87164107300,86.658980,(-1.7560, 1.6360, 6.6500),(0.000, 270.000, 0.000)
87178242400,86.672810,(-1.7560, 1.6360, 6.6500),(0.000, 270.000, 0.000)
87209290400,86.703660,(-1.7560, 1.6360, 6.6500),(0.000, 270.000, 0.000)
87219948900,86.714870,(-1.7560, 1.6360, 6.6500),(0.000, 270.000, 0.000)
87234145600,86.728680,(-1.7560, 1.6360, 6.6500),(0.000, 270.000, 0.000)
87248274900,86.742830,(-1.7560, 1.6360, 6.6500),(0.000, 270.000, 0.000)
87261293200,86.756230,(-1.7560, 1.6360, 6.6500),(0.000, 270.000, 0.000)
87275724300,86.770290,(-1.7560, 1.6360, 6.6500),(0.000, 270.000, 0.000)
87289822900,86.784340,(-1.7560, 1.6360, 6.6500),(0.000, 270.000, 0.000)
87303126100,86.798040,(-1.7560, 1.6360, 6.6500),(0.000, 270.000, 0.000)
87317509900,86.812100,(-1.7560, 1.6360, 6.6500),(0.000, 270.000, 0.000)
87331531300,86.826090,(-1.7560, 1.6360, 6.6500),(0.000, 270.000, 0.000)
87345056000,86.839980,(-1.7560, 1.6360, 6.6500),(0.000, 270.000, 0.000)
87359302500,86.853840,(-1.7560, 1.6360, 6.6500),(0.000, 270.000, 0.000)
87373558700,86.868060,(-1.7560, 1.6360, 6.6500),(0.000, 270.000, 0.000)
87387758500,86.882190,(-1.7560, 1.6360, 6.6500),(0.000, 270.000, 0.000)
87417648500,86.912160,(-1.7560, 1.6360, 6.6500),(0.000, 270.000, 0.000)
87428868700,86.923520,(-1.7560, 1.6360, 6.6500),(0.000, 270.000, 0.000)
87442346500,86.937310,(-1.7560, 1.6360, 6.6500),(0.000, 270.000, 0.000)
87456856700,86.951450,(-1.7560, 1.6360, 6.6500),(0.000, 270.000, 0.000)
87470720100,86.965350,(-1.7560, 1.6360, 6.6500),(0.000, 270.000, 0.000)
87484412300,86.979310,(-1.7560, 1.6360, 6.6500),(0.000, 270.000, 0.000)
87498669300,86.993230,(-1.7560, 1.6360, 6.6500),(0.000, 270.000, 0.000)
87512770000,87.007310,(-1.7560, 1.6360, 6.6500),(0.000, 270.000, 0.000)
87526468100,87.021040,(-1.7560, 1.6360, 6.6500),(0.000, 270.000, 0.000)
87540193700,87.035100,(-1.7560, 1.6360, 6.6500),(0.000, 270.000, 0.000)
87554448000,87.048970,(-1.7560, 1.6360, 6.6500),(0.000, 270.000, 0.000)
87568367300,87.062910,(-1.7560, 1.6360, 6.6500),(0.000, 270.000, 0.000)
87581624100,87.076610,(-1.7560, 1.6360, 6.6500),(0.000, 270.000, 0.000)
87596046000,87.090600,(-1.7560, 1.6360, 6.6500),(0.000, 270.000, 0.000)
87626764500,87.121070,(-1.7560, 1.6360, 6.6500),(0.000, 270.000, 0.000)
87637904800,87.132830,(-1.7560, 1.6360, 6.6500),(0.000, 270.000, 0.000)
87652057700,87.146540,(-1.7560, 1.6360, 6.6500),(0.000, 270.000, 0.000)
87665590300,87.160200,(-1.7560, 1.6360, 6.6500),(0.000, 270.000, 0.000)
87679108800,87.174060,(-1.7560, 1.6360, 6.6500),(0.000, 270.000, 0.000)
87693555500,87.188120,(-1.7560, 1.6360, 6.6500),(0.000, 270.000, 0.000)
87707826900,87.202370,(-1.7560, 1.6360, 6.6500),(0.000, 270.000, 0.000)
87720815600,87.215770,(-1.7560, 1.6360, 6.6500),(0.000, 270.000, 0.000)
87735402500,87.229930,(-1.7560, 1.6360, 6.6500),(0.000, 270.000, 0.000)
87749405100,87.243950,(-1.7560, 1.6360, 6.6500),(0.000, 270.000, 0.000)
87762570900,87.257510,(-1.7560, 1.6360, 6.6500),(0.000, 270.000, 0.000)
87777204100,87.271790,(-1.7560, 1.6360, 6.6500),(0.000, 270.000, 0.000)
87791195500,87.285770,(-1.7560, 1.6360, 6.6500),(0.000, 270.000, 0.000)
87804717100,87.299580,(-1.7560, 1.6360, 6.6500),(0.000, 270.000, 0.000)
87835998400,87.330280,(-1.7560, 1.6360, 6.6500),(0.000, 270.000, 0.000)
87847266900,87.341790,(-1.7560, 1.6360, 6.6500),(0.000, 270.000, 0.000)
87860202400,87.355170,(-1.7560, 1.6360, 6.6500),(0.000, 270.000, 0.000)
87874503100,87.369020,(-1.7560, 1.6360, 6.6500),(0.000, 270.000, 0.000)
87888574900,87.383140,(-1.7560, 1.6360, 6.6500),(0.000, 270.000, 0.000)
87901907500,87.396860,(-1.7560, 1.6360, 6.6500),(0.000, 270.000, 0.000)
87916398100,87.410990,(-1.7560, 1.6360, 6.6500),(0.000, 270.000, 0.000)
87930469900,87.425000,(-1.7560, 1.6360, 6.6500),(0.000, 270.000, 0.000)
87944042300,87.438880,(-1.7560, 1.6360, 6.6500),(0.000, 270.000, 0.000)
87958283700,87.452830,(-1.7560, 1.6360, 6.6500),(0.000, 270.000, 0.000)
87972230400,87.466780,(-1.7560, 1.6360, 6.6500),(0.000, 270.000, 0.000)
87986221100,87.480770,(-1.7560, 1.6360, 6.6500),(0.000, 270.000, 0.000)
87999584300,87.494490,(-1.7560, 1.6360, 6.6500),(0.000, 270.000, 0.000)
88013955700,87.508510,(-1.7560, 1.6360, 6.6500),(0.000, 270.000, 0.000)
88044582700,87.539070,(-1.7560, 1.6360, 6.6500),(0.000, 270.000, 0.000)
88055728100,87.550360,(-1.7560, 1.6360, 6.6500),(0.000, 270.000, 0.000)
88069628500,87.564190,(-1.7560, 1.6360, 6.6500),(0.000, 270.000, 0.000)
88083379900,87.578250,(-1.7560, 1.6360, 6.6500),(0.000, 270.000, 0.000)
88097509600,87.592120,(-1.7560, 1.6360, 6.6500),(0.000, 270.000, 0.000)
88111496900,87.606030,(-1.7560, 1.6360, 6.6500),(0.000, 270.000, 0.000)
88125629700,87.620190,(-1.7560, 1.6360, 6.6500),(0.000, 270.000, 0.000)
88138874900,87.633780,(-1.7560, 1.6360, 6.6500),(0.000, 270.000, 0.000)
88153296000,87.647850,(-1.7560, 1.6360, 6.6500),(0.000, 270.000, 0.000)
88167089200,87.661690,(-1.7560, 1.6360, 6.6500),(0.000, 270.000, 0.000)
88180711300,87.675630,(-1.7560, 1.6360, 6.6500),(0.000, 270.000, 0.000)
88195046000,87.689570,(-1.7560, 1.6360, 6.6500),(0.000, 270.000, 0.000)
88209079300,87.703660,(-1.7560, 1.6360, 6.6500),(0.000, 270.000, 0.000)
88222488900,87.717430,(-1.7560, 1.6360, 6.6500),(0.000, 270.000, 0.000)
88253556500,87.747900,(-1.7560, 1.6360, 6.6500),(0.000, 270.000, 0.000)
88264466800,87.759370,(-1.7560, 1.6360, 6.6500),(0.000, 270.000, 0.000)
88278442400,87.773040,(-1.7560, 1.6360, 6.6500),(0.000, 270.000, 0.000)
88292554700,87.787160,(-1.7560, 1.6360, 6.6500),(0.000, 270.000, 0.000)
88306300000,87.800870,(-1.7560, 1.6360, 6.6500),(0.000, 270.000, 0.000)
88319864000,87.814800,(-1.7560, 1.6360, 6.6500),(0.000, 270.000, 0.000)
88334487700,87.828980,(-1.7560, 1.6360, 6.6500),(0.000, 270.000, 0.000)
88348378700,87.842930,(-1.7560, 1.6360, 6.6500),(0.000, 270.000, 0.000)
88361564400,87.856510,(-1.7560, 1.6360, 6.6500),(0.000, 270.000, 0.000)
88376039500,87.870640,(-1.7560, 1.6360, 6.6500),(0.000, 270.000, 0.000)
88390037300,87.884570,(-1.7560, 1.6360, 6.6500),(0.000, 270.000, 0.000)
88403612500,87.898500,(-1.7560, 1.6360, 6.6500),(0.000, 270.000, 0.000)
88417976400,87.912510,(-1.7560, 1.6360, 6.6500),(0.000, 270.000, 0.000)
88431903300,87.926500,(-1.7560, 1.6360, 6.6500),(0.000, 270.000, 0.000)
88462087100,87.956610,(-1.7560, 1.6360, 6.6500),(0.000, 270.000, 0.000)
88473744500,87.968330,(-1.7560, 1.6360, 6.6500),(0.000, 270.000, 0.000)
88487595600,87.982160,(-1.7560, 1.6360, 6.6500),(0.000, 270.000, 0.000)
88500884400,87.995800,(-1.7560, 1.6360, 6.6500),(0.000, 270.000, 0.000)
88515261500,88.009860,(-1.7560, 1.6360, 6.6500),(0.000, 270.000, 0.000)
88529516500,88.024010,(-1.7560, 1.6360, 6.6500),(0.000, 270.000, 0.000)
88542854900,88.037730,(-1.7560, 1.6360, 6.6500),(0.000, 270.000, 0.000)
88557036100,88.051630,(-1.7560, 1.6360, 6.6500),(0.000, 270.000, 0.000)
88571218100,88.065730,(-1.7560, 1.6360, 6.6500),(0.000, 270.000, 0.000)
88584502100,88.079410,(-1.7560, 1.6360, 6.6500),(0.000, 270.000, 0.000)
88598983100,88.093570,(-1.7560, 1.6360, 6.6500),(0.000, 270.000, 0.000)
88613048400,88.107610,(-1.7560, 1.6360, 6.6500),(0.000, 270.000, 0.000)
88626991700,88.121560,(-1.7560, 1.6360, 6.6500),(0.000, 270.000, 0.000)
88640837700,88.135200,(-1.7560, 1.6360, 6.6500),(0.000, 270.000, 0.000)
88671483900,88.165790,(-1.7560, 1.6360, 6.6500),(0.000, 270.000, 0.000)
88682356100,88.177330,(-1.7560, 1.6360, 6.6500),(0.000, 270.000, 0.000)
88696398700,88.190990,(-1.7560, 1.6360, 6.6500),(0.000, 270.000, 0.000)
88710234400,88.204800,(-1.7560, 1.6360, 6.6500),(0.000, 270.000, 0.000)
88723923500,88.218790,(-1.7560, 1.6360, 6.6500),(0.000, 270.000, 0.000)
88738243300,88.232750,(-1.7560, 1.6360, 6.6500),(0.000, 270.000, 0.000)
88752345100,88.246880,(-1.7560, 1.6360, 6.6500),(0.000, 270.000, 0.000)
88766267700,88.260830,(-1.7560, 1.6360, 6.6500),(0.000, 270.000, 0.000)
88779822800,88.274720,(-1.7560, 1.6360, 6.6500),(0.000, 270.000, 0.000)
88794078100,88.288630,(-1.7560, 1.6360, 6.6500),(0.000, 270.000, 0.000)
88807855700,88.302390,(-1.7560, 1.6360, 6.6500),(0.000, 270.000, 0.000)
88821300400,88.316250,(-1.7560, 1.6360, 6.6500),(0.000, 270.000, 0.000)
88835852300,88.330390,(-1.7560, 1.6360, 6.6500),(0.000, 270.000, 0.000)
88849597900,88.344200,(-1.7560, 1.6360, 6.6500),(0.000, 270.000, 0.000)
88880012300,88.374470,(-1.7560, 1.6360, 6.6500),(0.000, 270.000, 0.000)
88891423200,88.386000,(-1.7560, 1.6360, 6.6500),(0.000, 270.000, 0.000)
88904994500,88.399880,(-1.7560, 1.6360, 6.6500),(0.000, 270.000, 0.000)
88919160300,88.413670,(-1.7560, 1.6360, 6.6500),(0.000, 270.000, 0.000)
88933306100,88.427880,(-1.7560, 1.6360, 6.6500),(0.000, 270.000, 0.000)
88947488500,88.441990,(-1.7560, 1.6360, 6.6500),(0.000, 270.000, 0.000)
88960679700,88.455550,(-1.7560, 1.6360, 6.6500),(0.000, 270.000, 0.000)
88974876400,88.469390,(-1.7560, 1.6360, 6.6500),(0.000, 270.000, 0.000)
88988916500,88.483450,(-1.7560, 1.6360, 6.6500),(0.000, 270.000, 0.000)
89002915700,88.497630,(-1.7560, 1.6360, 6.6500),(0.000, 270.000, 0.000)
89016873100,88.511300,(-1.7560, 1.6360, 6.6500),(0.000, 270.000, 0.000)
89030766500,88.525310,(-1.7560, 1.6360, 6.6500),(0.000, 270.000, 0.000)
89044483600,88.539330,(-1.7560, 1.6360, 6.6500),(0.000, 270.000, 0.000)
89058702400,88.553240,(-1.7560, 1.6360, 6.6500),(0.000, 270.000, 0.000)
89089559100,88.583880,(-1.7560, 1.6360, 6.6500),(0.000, 270.000, 0.000)
89099977300,88.594850,(-1.7560, 1.6360, 6.6500),(0.000, 270.000, 0.000)
89114256900,88.608720,(-1.7560, 1.6360, 6.6500),(0.000, 270.000, 0.000)
89128524800,88.622870,(-1.7560, 1.6360, 6.6500),(0.000, 270.000, 0.000)
89141555700,88.636510,(-1.7560, 1.6360, 6.6500),(0.000, 270.000, 0.000)
89155939600,88.650410,(-1.7560, 1.6360, 6.6500),(0.000, 270.000, 0.000)
89169903300,88.664410,(-1.7560, 1.6360, 6.6500),(0.000, 270.000, 0.000)
89183788900,88.678350,(-1.7560, 1.6360, 6.6500),(0.000, 270.000, 0.000)
89197729700,88.692330,(-1.7560, 1.6360, 6.6500),(0.000, 270.000, 0.000)
89211700900,88.706270,(-1.7560, 1.6360, 6.6500),(0.000, 270.000, 0.000)
89225719500,88.720200,(-1.7560, 1.6360, 6.6500),(0.000, 270.000, 0.000)
89239206400,88.734130,(-1.7560, 1.6360, 6.6500),(0.000, 270.000, 0.000)
89253488100,88.748070,(-1.7560, 1.6360, 6.6500),(0.000, 270.000, 0.000)
89267622000,88.762160,(-1.7560, 1.6360, 6.6500),(0.000, 270.000, 0.000)
89298184300,88.792650,(-1.7560, 1.6360, 6.6500),(0.000, 270.000, 0.000)
89309574500,88.804060,(-1.7560, 1.6360, 6.6500),(0.000, 270.000, 0.000)
89322678700,88.817560,(-1.7560, 1.6360, 6.6500),(0.000, 270.000, 0.000)
89337002900,88.831560,(-1.7560, 1.6360, 6.6500),(0.000, 270.000, 0.000)
89350934700,88.845500,(-1.7560, 1.6360, 6.6500),(0.000, 270.000, 0.000)
89364526400,88.859400,(-1.7560, 1.6360, 6.6500),(0.000, 270.000, 0.000)
89378532500,88.873160,(-1.7560, 1.6360, 6.6500),(0.000, 270.000, 0.000)
89392751500,88.887290,(-1.7560, 1.6360, 6.6500),(0.000, 270.000, 0.000)
89406462500,88.901060,(-1.7560, 1.6360, 6.6500),(0.000, 270.000, 0.000)
89420210000,88.915120,(-1.7560, 1.6360, 6.6500),(0.000, 270.000, 0.000)
89434660100,88.929150,(-1.7560, 1.6360, 6.6500),(0.000, 270.000, 0.000)
89448505100,88.942990,(-1.7560, 1.6360, 6.6500),(0.000, 270.000, 0.000)
89461984900,88.956920,(-1.7560, 1.6360, 6.6500),(0.000, 270.000, 0.000)
89476403100,88.970950,(-1.7560, 1.6360, 6.6500),(0.000, 270.000, 0.000)
89507368400,89.001720,(-1.7560, 1.6360, 6.6500),(0.000, 270.000, 0.000)
89517655500,89.012620,(-1.7560, 1.6360, 6.6500),(0.000, 270.000, 0.000)
89531961600,89.026500,(-1.7560, 1.6360, 6.6500),(0.000, 270.000, 0.000)
89545866100,89.040440,(-1.7560, 1.6360, 6.6500),(0.000, 270.000, 0.000)
89559334700,89.054260,(-1.7560, 1.6360, 6.6500),(0.000, 270.000, 0.000)
89573770700,89.068310,(-1.7560, 1.6360, 6.6500),(0.000, 270.000, 0.000)
89587793700,89.082310,(-1.7560, 1.6360, 6.6500),(0.000, 270.000, 0.000)
89601303200,89.096220,(-1.7560, 1.6360, 6.6500),(0.000, 270.000, 0.000)
89615504900,89.110080,(-1.7560, 1.6360, 6.6500),(0.000, 270.000, 0.000)
89629540100,89.124110,(-1.7560, 1.6360, 6.6500),(0.000, 270.000, 0.000)
89642943300,89.137890,(-1.7560, 1.6360, 6.6500),(0.000, 270.000, 0.000)
89657254900,89.151850,(-1.7560, 1.6360, 6.6500),(0.000, 270.000, 0.000)
89671371100,89.165890,(-1.7560, 1.6360, 6.6500),(0.000, 270.000, 0.000)
89684977500,89.179860,(-1.7560, 1.6360, 6.6500),(0.000, 270.000, 0.000)
89716079700,89.210410,(-1.7560, 1.6360, 6.6500),(0.000, 270.000, 0.000)
89727323300,89.221890,(-1.7560, 1.6360, 6.6500),(0.000, 270.000, 0.000)
89740581100,89.235480,(-1.7560, 1.6360, 6.6500),(0.000, 270.000, 0.000)
89754881700,89.249430,(-1.7560, 1.6360, 6.6500),(0.000, 270.000, 0.000)
89769091100,89.263650,(-1.7560, 1.6360, 6.6500),(0.000, 270.000, 0.000)
89782468800,89.277380,(-1.7560, 1.6360, 6.6500),(0.000, 270.000, 0.000)
89796462500,89.291020,(-1.7560, 1.6360, 6.6500),(0.000, 270.000, 0.000)
89810406500,89.304950,(-1.7560, 1.6360, 6.6500),(0.000, 270.000, 0.000)
89824093300,89.318920,(-1.7560, 1.6360, 6.6500),(0.000, 270.000, 0.000)
89838190800,89.332810,(-1.7560, 1.6360, 6.6500),(0.000, 270.000, 0.000)
89852469300,89.347020,(-1.7560, 1.6360, 6.6500),(0.000, 270.000, 0.000)
89866511200,89.361090,(-1.7560, 1.6360, 6.6500),(0.000, 270.000, 0.000)
89879824100,89.374760,(-1.7560, 1.6360, 6.6500),(0.000, 270.000, 0.000)
89893984900,89.388590,(-1.7560, 1.6360, 6.6500),(0.000, 270.000, 0.000)
89924932800,89.419380,(-1.7560, 1.6360, 6.6500),(0.000, 270.000, 0.000)
89935939500,89.430520,(-1.7560, 1.6360, 6.6500),(0.000, 270.000, 0.000)
89949771700,89.444310,(-1.7560, 1.6360, 6.6500),(0.000, 270.000, 0.000)
89963467300,89.458280,(-1.7560, 1.6360, 6.6500),(0.000, 270.000, 0.000)
89977660800,89.472240,(-1.7560, 1.6360, 6.6500),(0.000, 270.000, 0.000)
89991549300,89.486070,(-1.7560, 1.6360, 6.6500),(0.000, 270.000, 0.000)
90005525200,89.500080,(-1.7560, 1.6360, 6.6500),(0.000, 270.000, 0.000)
90019398500,89.514270,(-1.7560, 1.6360, 6.6500),(0.000, 270.000, 0.000)
90033469300,89.528040,(-1.7560, 1.6360, 6.6500),(0.000, 270.000, 0.000)
90047294300,89.541840,(-1.7560, 1.6360, 6.6500),(0.000, 270.000, 0.000)
90060820300,89.555730,(-1.7560, 1.6360, 6.6500),(0.000, 270.000, 0.000)
90075217200,89.569740,(-1.7560, 1.6360, 6.6500),(0.000, 270.000, 0.000)
90089270900,89.583810,(-1.7560, 1.6360, 6.6500),(0.000, 270.000, 0.000)
90102713500,89.597620,(-1.7560, 1.6360, 6.6500),(0.000, 270.000, 0.000)
90133914900,89.628230,(-1.7560, 1.6360, 6.6500),(0.000, 270.000, 0.000)
90144771700,89.639700,(-1.7560, 1.6360, 6.6500),(0.000, 270.000, 0.000)
90158713300,89.653270,(-1.7560, 1.6360, 6.6500),(0.000, 270.000, 0.000)
90172792300,89.667380,(-1.7560, 1.6360, 6.6500),(0.000, 270.000, 0.000)
90186548500,89.681140,(-1.7560, 1.6360, 6.6500),(0.000, 270.000, 0.000)
90199868400,89.694850,(-1.7560, 1.6360, 6.6500),(0.000, 270.000, 0.000)
90214438100,89.708970,(-1.7560, 1.6360, 6.6500),(0.000, 270.000, 0.000)
90228367700,89.722920,(-1.7560, 1.6360, 6.6500),(0.000, 270.000, 0.000)
90241832900,89.736770,(-1.7560, 1.6360, 6.6500),(0.000, 270.000, 0.000)
90256192700,89.750790,(-1.7560, 1.6360, 6.6500),(0.000, 270.000, 0.000)
90270439700,89.764980,(-1.7560, 1.6360, 6.6500),(0.000, 270.000, 0.000)
90283867700,89.778760,(-1.7560, 1.6360, 6.6500),(0.000, 270.000, 0.000)
90298030800,89.792560,(-1.7560, 1.6360, 6.6500),(0.000, 270.000, 0.000)
90311704700,89.806320,(-1.7560, 1.6360, 6.6500),(0.000, 270.000, 0.000)
90342630400,89.837230,(-1.7560, 1.6360, 6.6500),(0.000, 270.000, 0.000)
90353907700,89.848450,(-1.7560, 1.6360, 6.6500),(0.000, 270.000, 0.000)
90367689500,89.862240,(-1.7560, 1.6360, 6.6500),(0.000, 270.000, 0.000)
90381111300,89.876030,(-1.7560, 1.6360, 6.6500),(0.000, 270.000, 0.000)
90395384700,89.889980,(-1.7560, 1.6360, 6.6500),(0.000, 270.000, 0.000)
90409367500,89.903980,(-1.7560, 1.6360, 6.6500),(0.000, 270.000, 0.000)
90423167600,89.918070,(-1.7560, 1.6360, 6.6500),(0.000, 270.000, 0.000)
90437366000,89.931950,(-1.7560, 1.6360, 6.6500),(0.000, 270.000, 0.000)
90451430500,89.945880,(-1.7560, 1.6360, 6.6500),(0.000, 270.000, 0.000)
90464812700,89.959690,(-1.7560, 1.6360, 6.6500),(0.000, 270.000, 0.000)
90479077700,89.973620,(-1.7560, 1.6360, 6.6500),(0.000, 270.000, 0.000)
90493156500,89.987670,(-1.7560, 1.6360, 6.6500),(0.000, 270.000, 0.000)
90507052500,90.001630,(-1.7560, 1.6360, 6.6500),(0.000, 270.000, 0.000)
90520397600,90.015340,(-1.7560, 1.6360, 6.6500),(0.000, 270.000, 0.000)
90551784000,90.046140,(-1.7560, 1.6360, 6.6500),(0.000, 270.000, 0.000)
90562469900,90.057340,(-1.7560, 1.6360, 6.6500),(0.000, 270.000, 0.000)
90576723600,90.071210,(-1.7560, 1.6360, 6.6500),(0.000, 270.000, 0.000)
90590525300,90.085040,(-1.7560, 1.6360, 6.6500),(0.000, 270.000, 0.000)
90603720500,90.098690,(-1.7560, 1.6360, 6.6500),(0.000, 270.000, 0.000)
90618371700,90.112930,(-1.7560, 1.6360, 6.6500),(0.000, 270.000, 0.000)
90632198900,90.126770,(-1.7560, 1.6360, 6.6500),(0.000, 270.000, 0.000)
90646163300,90.140740,(-1.7560, 1.6360, 6.6500),(0.000, 270.000, 0.000)
90659797500,90.154740,(-1.7560, 1.6360, 6.6500),(0.000, 270.000, 0.000)
90674045900,90.168560,(-1.7560, 1.6360, 6.6500),(0.000, 270.000, 0.000)
90688245300,90.182770,(-1.7560, 1.6360, 6.6500),(0.000, 270.000, 0.000)
90701491100,90.196390,(-1.7560, 1.6360, 6.6500),(0.000, 270.000, 0.000)
90715793300,90.210330,(-1.7560, 1.6360, 6.6500),(0.000, 270.000, 0.000)
90729742700,90.224330,(-1.7560, 1.6360, 6.6500),(0.000, 270.000, 0.000)
90760361300,90.254880,(-1.7560, 1.6360, 6.6500),(0.000, 270.000, 0.000)
90771671500,90.266220,(-1.7560, 1.6360, 6.6500),(0.000, 270.000, 0.000)
90784937100,90.279900,(-1.7560, 1.6360, 6.6500),(0.000, 270.000, 0.000)
90799426100,90.293910,(-1.7560, 1.6360, 6.6500),(0.000, 270.000, 0.000)
90813269200,90.307820,(-1.7560, 1.6360, 6.6500),(0.000, 270.000, 0.000)
90827206900,90.321780,(-1.7560, 1.6360, 6.6500),(0.000, 270.000, 0.000)
90840636500,90.335570,(-1.7560, 1.6360, 6.6500),(0.000, 270.000, 0.000)
90855136100,90.349700,(-1.7560, 1.6360, 6.6500),(0.000, 270.000, 0.000)
90869080500,90.363540,(-1.7560, 1.6360, 6.6500),(0.000, 270.000, 0.000)
90882531900,90.377420,(-1.7560, 1.6360, 6.6500),(0.000, 270.000, 0.000)
90896948700,90.391530,(-1.7560, 1.6360, 6.6500),(0.000, 270.000, 0.000)
90910908500,90.405480,(-1.7560, 1.6360, 6.6500),(0.000, 270.000, 0.000)
90924316000,90.419240,(-1.7560, 1.6360, 6.6500),(0.000, 270.000, 0.000)
90938571500,90.433110,(-1.7560, 1.6360, 6.6500),(0.000, 270.000, 0.000)
90969652100,90.463960,(-1.7560, 1.6360, 6.6500),(0.000, 270.000, 0.000)
90980208300,90.475140,(-1.7560, 1.6360, 6.6500),(0.000, 270.000, 0.000)
90994331300,90.488850,(-1.7560, 1.6360, 6.6500),(0.000, 270.000, 0.000)
91008323700,90.502850,(-1.7560, 1.6360, 6.6500),(0.000, 270.000, 0.000)
91021980700,90.516840,(-1.7560, 1.6360, 6.6500),(0.000, 270.000, 0.000)
91036125600,90.530620,(-1.7560, 1.6360, 6.6500),(0.000, 270.000, 0.000)
91050147200,90.544700,(-1.7560, 1.6360, 6.6500),(0.000, 270.000, 0.000)
91063473100,90.558400,(-1.7560, 1.6360, 6.6500),(0.000, 270.000, 0.000)
91077681100,90.572280,(-1.7560, 1.6360, 6.6500),(0.000, 270.000, 0.000)
91091988900,90.586540,(-1.7560, 1.6360, 6.6500),(0.000, 270.000, 0.000)
91105948100,90.600510,(-1.7560, 1.6360, 6.6500),(0.000, 270.000, 0.000)
91119326500,90.614230,(-1.7560, 1.6360, 6.6500),(0.000, 270.000, 0.000)
91134108500,90.628200,(-1.7560, 1.6360, 6.6500),(0.000, 270.000, 0.000)
91147876100,90.642300,(-1.7560, 1.6360, 6.6500),(0.000, 270.000, 0.000)
91178584100,90.673110,(-1.7560, 1.6360, 6.6500),(0.000, 270.000, 0.000)
91189629900,90.684160,(-1.7560, 1.6360, 6.6500),(0.000, 270.000, 0.000)
91203108800,90.698020,(-1.7560, 1.6360, 6.6500),(0.000, 270.000, 0.000)
91217101600,90.711620,(-1.7560, 1.6360, 6.6500),(0.000, 270.000, 0.000)
91231052500,90.725590,(-1.7560, 1.6360, 6.6500),(0.000, 270.000, 0.000)
91244643900,90.739540,(-1.7560, 1.6360, 6.6500),(0.000, 270.000, 0.000)
91258831200,90.753400,(-1.7560, 1.6360, 6.6500),(0.000, 270.000, 0.000)
91272937700,90.767510,(-1.7560, 1.6360, 6.6500),(0.000, 270.000, 0.000)
91286833100,90.781340,(-1.7560, 1.6360, 6.6500),(0.000, 270.000, 0.000)
91300184500,90.795080,(-1.7560, 1.6360, 6.6500),(0.000, 270.000, 0.000)
91314979500,90.809450,(-1.7560, 1.6360, 6.6500),(0.000, 270.000, 0.000)
91328679700,90.823170,(-1.7560, 1.6360, 6.6500),(0.000, 270.000, 0.000)
91342052800,90.837000,(-1.7560, 1.6360, 6.6500),(0.000, 270.000, 0.000)
91356416000,90.851010,(-1.7560, 1.6360, 6.6500),(0.000, 270.000, 0.000)
91387492800,90.881830,(-1.7560, 1.6360, 6.6500),(0.000, 270.000, 0.000)
91397860300,90.892850,(-1.7560, 1.6360, 6.6500),(0.000, 270.000, 0.000)
91412300300,90.906850,(-1.7560, 1.6360, 6.6500),(0.000, 270.000, 0.000)
91426352900,90.920930,(-1.7560, 1.6360, 6.6500),(0.000, 270.000, 0.000)
91439475100,90.934430,(-1.7560, 1.6360, 6.6500),(0.000, 270.000, 0.000)
91453973100,90.948480,(-1.7560, 1.6360, 6.6500),(0.000, 270.000, 0.000)
91467965900,90.962520,(-1.7560, 1.6360, 6.6500),(0.000, 270.000, 0.000)
91481343300,90.976280,(-1.7560, 1.6360, 6.6500),(0.000, 270.000, 0.000)
91495801600,90.990400,(-1.7560, 1.6360, 6.6500),(0.000, 270.000, 0.000)
91509609500,91.004180,(-1.7560, 1.6360, 6.6500),(0.000, 270.000, 0.000)
91523212900,91.018140,(-1.7560, 1.6360, 6.6500),(0.000, 270.000, 0.000)
91537390500,91.031950,(-1.7560, 1.6360, 6.6500),(0.000, 270.000, 0.000)
91552010400,91.046470,(-1.7560, 1.6360, 6.6500),(0.000, 270.000, 0.000)
91565550100,91.060090,(-1.7560, 1.6360, 6.6500),(0.000, 270.000, 0.000)
91596500500,91.090980,(-1.7560, 1.6360, 6.6500),(0.000, 270.000, 0.000)
91607479200,91.102050,(-1.7560, 1.6360, 6.6500),(0.000, 270.000, 0.000)
91620610100,91.115530,(-1.7560, 1.6360, 6.6500),(0.000, 270.000, 0.000)
91634679700,91.129330,(-1.7560, 1.6360, 6.6500),(0.000, 270.000, 0.000)
91649025600,91.143510,(-1.7560, 1.6360, 6.6500),(0.000, 270.000, 0.000)
91662303500,91.157230,(-1.7560, 1.6360, 6.6500),(0.000, 270.000, 0.000)
91676724900,91.171280,(-1.7560, 1.6360, 6.6500),(0.000, 270.000, 0.000)
91690843300,91.185410,(-1.7560, 1.6360, 6.6500),(0.000, 270.000, 0.000)
91704396000,91.199240,(-1.7560, 1.6360, 6.6500),(0.000, 270.000, 0.000)
91718311500,91.212950,(-1.7560, 1.6360, 6.6500),(0.000, 270.000, 0.000)
91732312400,91.226940,(-1.7560, 1.6360, 6.6500),(0.000, 270.000, 0.000)
91746542300,91.241100,(-1.7560, 1.6360, 6.6500),(0.000, 270.000, 0.000)
91760122500,91.254960,(-1.7560, 1.6360, 6.6500),(0.000, 270.000, 0.000)
91774408400,91.268960,(-1.7560, 1.6360, 6.6500),(0.000, 270.000, 0.000)
91805707700,91.300100,(-1.7560, 1.6360, 6.6500),(0.000, 270.000, 0.000)
91815647600,91.310560,(-1.7560, 1.6360, 6.6500),(0.000, 270.000, 0.000)
91830218300,91.324700,(-1.7560, 1.6360, 6.6500),(0.000, 270.000, 0.000)
91843532500,91.338390,(-1.7560, 1.6360, 6.6500),(0.000, 270.000, 0.000)
91857708300,91.352320,(-1.7560, 1.6360, 6.6500),(0.000, 270.000, 0.000)
91872270000,91.366780,(-1.7560, 1.6360, 6.6500),(0.000, 270.000, 0.000)
91885726400,91.380290,(-1.7560, 1.6360, 6.6500),(0.000, 270.000, 0.000)
91899271700,91.394210,(-1.7560, 1.6360, 6.6500),(0.000, 270.000, 0.000)
91913729900,91.408260,(-1.7560, 1.6360, 6.6500),(0.000, 270.000, 0.000)
91927550100,91.422140,(-1.7560, 1.6360, 6.6500),(0.000, 270.000, 0.000)
91940955100,91.435910,(-1.7560, 1.6360, 6.6500),(0.000, 270.000, 0.000)
91955233100,91.449840,(-1.7560, 1.6360, 6.6500),(0.000, 270.000, 0.000)
91969316100,91.463870,(-1.7560, 1.6360, 6.6500),(0.000, 270.000, 0.000)
91982842400,91.477800,(-1.7560, 1.6360, 6.6500),(0.000, 270.000, 0.000)
92014537100,91.508850,(-1.7560, 1.6360, 6.6500),(0.000, 270.000, 0.000)
92025069600,91.519980,(-1.7560, 1.6360, 6.6500),(0.000, 270.000, 0.000)
92038652400,91.533230,(-1.7560, 1.6360, 6.6500),(0.000, 270.000, 0.000)
92052876900,91.547450,(-1.7560, 1.6360, 6.6500),(0.000, 270.000, 0.000)
92066959300,91.561490,(-1.7560, 1.6360, 6.6500),(0.000, 270.000, 0.000)
92080206300,91.575130,(-1.7560, 1.6360, 6.6500),(0.000, 270.000, 0.000)
92094572500,91.589100,(-1.7560, 1.6360, 6.6500),(0.000, 270.000, 0.000)
92108645700,91.603190,(-1.7560, 1.6360, 6.6500),(0.000, 270.000, 0.000)
92122020700,91.616960,(-1.7560, 1.6360, 6.6500),(0.000, 270.000, 0.000)
92136396500,91.630960,(-1.7560, 1.6360, 6.6500),(0.000, 270.000, 0.000)
92150154500,91.644750,(-1.7560, 1.6360, 6.6500),(0.000, 270.000, 0.000)
92163815200,91.658700,(-1.7560, 1.6360, 6.6500),(0.000, 270.000, 0.000)
92178112500,91.672720,(-1.7560, 1.6360, 6.6500),(0.000, 270.000, 0.000)
92192329100,91.686880,(-1.7560, 1.6360, 6.6500),(0.000, 270.000, 0.000)
92223220100,91.717740,(-1.7560, 1.6360, 6.6500),(0.000, 270.000, 0.000)
92233835200,91.728400,(-1.7560, 1.6360, 6.6500),(0.000, 270.000, 0.000)
92247846800,91.742420,(-1.7560, 1.6360, 6.6500),(0.000, 270.000, 0.000)
92261387900,91.756270,(-1.7560, 1.6360, 6.6500),(0.000, 270.000, 0.000)
92275731700,91.770290,(-1.7560, 1.6360, 6.6500),(0.000, 270.000, 0.000)
92289661300,91.784260,(-1.7560, 1.6360, 6.6500),(0.000, 270.000, 0.000)
92303234700,91.798100,(-1.7560, 1.6360, 6.6500),(0.000, 270.000, 0.000)
92317398000,91.811970,(-1.7560, 1.6360, 6.6500),(0.000, 270.000, 0.000)
92331411900,91.825940,(-1.7560, 1.6360, 6.6500),(0.000, 270.000, 0.000)
92345023900,91.839870,(-1.7560, 1.6360, 6.6500),(0.000, 270.000, 0.000)
92359292000,91.853800,(-1.7560, 1.6360, 6.6500),(0.000, 270.000, 0.000)
92373300000,91.867830,(-1.7560, 1.6360, 6.6500),(0.000, 270.000, 0.000)
92387290400,91.881810,(-1.7560, 1.6360, 6.6500),(0.000, 270.000, 0.000)
92400650900,91.895580,(-1.7560, 1.6360, 6.6500),(0.000, 270.000, 0.000)
92432277300,91.926720,(-1.7560, 1.6360, 6.6500),(0.000, 270.000, 0.000)
92442290400,91.937240,(-1.7560, 1.6360, 6.6500),(0.000, 270.000, 0.000)
92456812700,91.951400,(-1.7560, 1.6360, 6.6500),(0.000, 270.000, 0.000)
92470714800,91.965240,(-1.7560, 1.6360, 6.6500),(0.000, 270.000, 0.000)
92484323300,91.979220,(-1.7560, 1.6360, 6.6500),(0.000, 270.000, 0.000)
92498613300,91.993140,(-1.7560, 1.6360, 6.6500),(0.000, 270.000, 0.000)
92512548100,92.007090,(-1.7560, 1.6360, 6.6500),(0.000, 270.000, 0.000)
92526484400,92.021020,(-1.7560, 1.6360, 6.6500),(0.000, 270.000, 0.000)
92539948800,92.034870,(-1.7560, 1.6360, 6.6500),(0.000, 270.000, 0.000)
92554255300,92.048790,(-1.7560, 1.6360, 6.6500),(0.000, 270.000, 0.000)
92568492100,92.062970,(-1.7560, 1.6360, 6.6500),(0.000, 270.000, 0.000)
92581808500,92.076710,(-1.7560, 1.6360, 6.6500),(0.000, 270.000, 0.000)
92596264100,92.090680,(-1.7560, 1.6360, 6.6500),(0.000, 270.000, 0.000)
92609903900,92.104570,(-1.7560, 1.6360, 6.6500),(0.000, 270.000, 0.000)
92641322100,92.135840,(-1.7560, 1.6360, 6.6500),(0.000, 270.000, 0.000)
92651752900,92.146390,(-1.7560, 1.6360, 6.6500),(0.000, 270.000, 0.000)
92665488500,92.160110,(-1.7560, 1.6360, 6.6500),(0.000, 270.000, 0.000)
92679137900,92.174060,(-1.7560, 1.6360, 6.6500),(0.000, 270.000, 0.000)
92693647700,92.188180,(-1.7560, 1.6360, 6.6500),(0.000, 270.000, 0.000)
92707524300,92.202070,(-1.7560, 1.6360, 6.6500),(0.000, 270.000, 0.000)
92720940400,92.215820,(-1.7560, 1.6360, 6.6500),(0.000, 270.000, 0.000)
92735783300,92.230320,(-1.7560, 1.6360, 6.6500),(0.000, 270.000, 0.000)
92749214300,92.243780,(-1.7560, 1.6360, 6.6500),(0.000, 270.000, 0.000)
92762741100,92.257660,(-1.7560, 1.6360, 6.6500),(0.000, 270.000, 0.000)
92777139300,92.271610,(-1.7560, 1.6360, 6.6500),(0.000, 270.000, 0.000)
92791081900,92.285590,(-1.7560, 1.6360, 6.6500),(0.000, 270.000, 0.000)
92804595100,92.299480,(-1.7560, 1.6360, 6.6500),(0.000, 270.000, 0.000)
92818861700,92.313480,(-1.7560, 1.6360, 6.6500),(0.000, 270.000, 0.000)
92850672900,92.344980,(-1.7560, 1.6360, 6.6500),(0.000, 270.000, 0.000)
92860517100,92.355450,(-1.7560, 1.6360, 6.6500),(0.000, 270.000, 0.000)
92874574800,92.369060,(-1.7560, 1.6360, 6.6500),(0.000, 270.000, 0.000)
92888517600,92.383050,(-1.7560, 1.6360, 6.6500),(0.000, 270.000, 0.000)
92901939300,92.396880,(-1.7560, 1.6360, 6.6500),(0.000, 270.000, 0.000)
92916406800,92.411000,(-1.7560, 1.6360, 6.6500),(0.000, 270.000, 0.000)
92930194000,92.424800,(-1.7560, 1.6360, 6.6500),(0.000, 270.000, 0.000)
92943856700,92.438740,(-1.7560, 1.6360, 6.6500),(0.000, 270.000, 0.000)
92958230800,92.452780,(-1.7560, 1.6360, 6.6500),(0.000, 270.000, 0.000)
92972338800,92.466820,(-1.7560, 1.6360, 6.6500),(0.000, 270.000, 0.000)
92985943500,92.480520,(-1.7560, 1.6360, 6.6500),(0.000, 270.000, 0.000)
92999560900,92.494450,(-1.7560, 1.6360, 6.6500),(0.000, 270.000, 0.000)
93013836000,92.508420,(-1.7560, 1.6360, 6.6500),(0.000, 270.000, 0.000)
93027795700,92.522350,(-1.7560, 1.6360, 6.6500),(0.000, 270.000, 0.000)
93059105100,92.553590,(-1.7560, 1.6360, 6.6500),(0.000, 270.000, 0.000)
93070094900,92.564690,(-1.7560, 1.6360, 6.6500),(0.000, 270.000, 0.000)
93082757700,92.577770,(-1.7560, 1.6360, 6.6500),(0.000, 270.000, 0.000)
93097440300,92.591960,(-1.7560, 1.6360, 6.6500),(0.000, 270.000, 0.000)
93111216700,92.605780,(-1.7560, 1.6360, 6.6500),(0.000, 270.000, 0.000)
93124987700,92.619860,(-1.7560, 1.6360, 6.6500),(0.000, 270.000, 0.000)
93139214300,92.633670,(-1.7560, 1.6360, 6.6500),(0.000, 270.000, 0.000)
93153243300,92.647750,(-1.7560, 1.6360, 6.6500),(0.000, 270.000, 0.000)
93167148400,92.661730,(-1.7560, 1.6360, 6.6500),(0.000, 270.000, 0.000)
93180423900,92.675380,(-1.7560, 1.6360, 6.6500),(0.000, 270.000, 0.000)
93194972500,92.689490,(-1.7560, 1.6360, 6.6500),(0.000, 270.000, 0.000)
93208750900,92.703260,(-1.7560, 1.6360, 6.6500),(0.000, 270.000, 0.000)
93222226300,92.717170,(-1.7560, 1.6360, 6.6500),(0.000, 270.000, 0.000)
93236609900,92.731190,(-1.7560, 1.6360, 6.6500),(0.000, 270.000, 0.000)
93268630100,92.762870,(-1.7560, 1.6360, 6.6500),(0.000, 270.000, 0.000)
93278843300,92.773540,(-1.7560, 1.6360, 6.6500),(0.000, 270.000, 0.000)
93292316400,92.786880,(-1.7560, 1.6360, 6.6500),(0.000, 270.000, 0.000)
93305727500,92.800350,(-1.7560, 1.6360, 6.6500),(0.000, 270.000, 0.000)
93319916700,92.814830,(-1.7560, 1.6360, 6.6500),(0.000, 270.000, 0.000)
93333912800,92.828480,(-1.7560, 1.6360, 6.6500),(0.000, 270.000, 0.000)
93348010100,92.842610,(-1.7560, 1.6360, 6.6500),(0.000, 270.000, 0.000)
93361370500,92.856250,(-1.7560, 1.6360, 6.6500),(0.000, 270.000, 0.000)
93375958900,92.870470,(-1.7560, 1.6360, 6.6500),(0.000, 270.000, 0.000)
93389885700,92.884410,(-1.7560, 1.6360, 6.6500),(0.000, 270.000, 0.000)
93403172900,92.898080,(-1.7560, 1.6360, 6.6500),(0.000, 270.000, 0.000)
93417464900,92.912030,(-1.7560, 1.6360, 6.6500),(0.000, 270.000, 0.000)
93431816700,92.926350,(-1.7560, 1.6360, 6.6500),(0.000, 270.000, 0.000)
93445587200,92.940150,(-1.7560, 1.6360, 6.6500),(0.000, 270.000, 0.000)
93476885700,92.971410,(-1.7560, 1.6360, 6.6500),(0.000, 270.000, 0.000)
93487654400,92.982190,(-1.7560, 1.6360, 6.6500),(0.000, 270.000, 0.000)
93500540400,92.995460,(-1.7560, 1.6360, 6.6500),(0.000, 270.000, 0.000)
93514887300,93.009450,(-1.7560, 1.6360, 6.6500),(0.000, 270.000, 0.000)
93528821100,93.023350,(-1.7560, 1.6360, 6.6500),(0.000, 270.000, 0.000)
93542226500,93.037160,(-1.7560, 1.6360, 6.6500),(0.000, 270.000, 0.000)
93556970800,93.051490,(-1.7560, 1.6360, 6.6500),(0.000, 270.000, 0.000)
93570785500,93.065370,(-1.7560, 1.6360, 6.6500),(0.000, 270.000, 0.000)
93584045100,93.078920,(-1.7560, 1.6360, 6.6500),(0.000, 270.000, 0.000)
93598450300,93.093030,(-1.7560, 1.6360, 6.6500),(0.000, 270.000, 0.000)
93612434900,93.106990,(-1.7560, 1.6360, 6.6500),(0.000, 270.000, 0.000)
93626532000,93.121070,(-1.7560, 1.6360, 6.6500),(0.000, 270.000, 0.000)
93639806000,93.134740,(-1.7560, 1.6360, 6.6500),(0.000, 270.000, 0.000)
93654199100,93.148730,(-1.7560, 1.6360, 6.6500),(0.000, 270.000, 0.000)
93685423700,93.179910,(-1.7560, 1.6360, 6.6500),(0.000, 270.000, 0.000)
93695908300,93.190520,(-1.7560, 1.6360, 6.6500),(0.000, 270.000, 0.000)
93709904700,93.204440,(-1.7560, 1.6360, 6.6500),(0.000, 270.000, 0.000)
93723318000,93.218240,(-1.7560, 1.6360, 6.6500),(0.000, 270.000, 0.000)
93737576400,93.232180,(-1.7560, 1.6360, 6.6500),(0.000, 270.000, 0.000)
93751675600,93.246220,(-1.7560, 1.6360, 6.6500),(0.000, 270.000, 0.000)
93765653500,93.260160,(-1.7560, 1.6360, 6.6500),(0.000, 270.000, 0.000)
93778911600,93.273850,(-1.7560, 1.6360, 6.6500),(0.000, 270.000, 0.000)
93793455200,93.288030,(-1.7560, 1.6360, 6.6500),(0.000, 270.000, 0.000)
93807305300,93.301900,(-1.7560, 1.6360, 6.6500),(0.000, 270.000, 0.000)
93820816100,93.315730,(-1.7560, 1.6360, 6.6500),(0.000, 270.000, 0.000)
93834985200,93.329600,(-1.7560, 1.6360, 6.6500),(0.000, 270.000, 0.000)
93849079300,93.343600,(-1.7560, 1.6360, 6.6500),(0.000, 270.000, 0.000)
93862586900,93.357520,(-1.7560, 1.6360, 6.6500),(0.000, 270.000, 0.000)
93894385300,93.388660,(-1.7560, 1.6360, 6.6500),(0.000, 270.000, 0.000)
93904373200,93.399260,(-1.7560, 1.6360, 6.6500),(0.000, 270.000, 0.000)
93918386900,93.412980,(-1.7560, 1.6360, 6.6500),(0.000, 270.000, 0.000)
93932566800,93.427060,(-1.7560, 1.6360, 6.6500),(0.000, 270.000, 0.000)
93946523300,93.441040,(-1.7560, 1.6360, 6.6500),(0.000, 270.000, 0.000)
93959715300,93.454700,(-1.7560, 1.6360, 6.6500),(0.000, 270.000, 0.000)
93974293300,93.468830,(-1.7560, 1.6360, 6.6500),(0.000, 270.000, 0.000)
93988540000,93.483120,(-1.7560, 1.6360, 6.6500),(0.000, 270.000, 0.000)
94001409300,93.496370,(-1.7560, 1.6360, 6.6500),(0.000, 270.000, 0.000)
94017191700,93.511270,(-1.7560, 1.6360, 6.6500),(0.000, 270.000, 0.000)
94030092100,93.524630,(-1.7560, 1.6360, 6.6500),(0.000, 270.000, 0.000)
94043169700,93.537960,(-1.7560, 1.6360, 6.6500),(0.000, 270.000, 0.000)
94057685600,93.552250,(-1.7560, 1.6360, 6.6500),(0.000, 270.000, 0.000)
94072454000,93.566940,(-1.7560, 1.6360, 6.6500),(0.000, 270.000, 0.000)
94102408500,93.596950,(-1.7560, 1.6360, 6.6500),(0.000, 270.000, 0.000)
94113866000,93.608270,(-1.7560, 1.6360, 6.6500),(0.000, 270.000, 0.000)
94127556000,93.621820,(-1.7560, 1.6360, 6.6500),(0.000, 270.000, 0.000)
94140679300,93.635470,(-1.7560, 1.6360, 6.6500),(0.000, 270.000, 0.000)
94155229500,93.649560,(-1.7560, 1.6360, 6.6500),(0.000, 270.000, 0.000)
94169645300,93.663970,(-1.7560, 1.6360, 6.6500),(0.000, 270.000, 0.000)
94182493700,93.677370,(-1.7560, 1.6360, 6.6500),(0.000, 270.000, 0.000)
94196827700,93.691290,(-1.7560, 1.6360, 6.6500),(0.000, 270.000, 0.000)
94210620900,93.705210,(-1.7560, 1.6360, 6.6500),(0.000, 270.000, 0.000)
94224075300,93.718940,(-1.7560, 1.6360, 6.6500),(0.000, 270.000, 0.000)
94238586300,93.733150,(-1.7560, 1.6360, 6.6500),(0.000, 270.000, 0.000)
94252663300,93.747220,(-1.7560, 1.6360, 6.6500),(0.000, 270.000, 0.000)
94266399600,93.760980,(-1.7560, 1.6360, 6.6500),(0.000, 270.000, 0.000)
94279798000,93.774730,(-1.7560, 1.6360, 6.6500),(0.000, 270.000, 0.000)
94311937100,93.806270,(-1.7560, 1.6360, 6.6500),(0.000, 270.000, 0.000)
94321839100,93.816780,(-1.7560, 1.6360, 6.6500),(0.000, 270.000, 0.000)
94336038100,93.830610,(-1.7560, 1.6360, 6.6500),(0.000, 270.000, 0.000)
94349821700,93.844440,(-1.7560, 1.6360, 6.6500),(0.000, 270.000, 0.000)
94363384900,93.858290,(-1.7560, 1.6360, 6.6500),(0.000, 270.000, 0.000)
94377705100,93.872300,(-1.7560, 1.6360, 6.6500),(0.000, 270.000, 0.000)
94391780100,93.886380,(-1.7560, 1.6360, 6.6500),(0.000, 270.000, 0.000)
94405738100,93.900220,(-1.7560, 1.6360, 6.6500),(0.000, 270.000, 0.000)
94419179900,93.914150,(-1.7560, 1.6360, 6.6500),(0.000, 270.000, 0.000)
94433587300,93.928180,(-1.7560, 1.6360, 6.6500),(0.000, 270.000, 0.000)
94447362800,93.941930,(-1.7560, 1.6360, 6.6500),(0.000, 270.000, 0.000)
94460774100,93.955830,(-1.7560, 1.6360, 6.6500),(0.000, 270.000, 0.000)
94475215100,93.969860,(-1.7560, 1.6360, 6.6500),(0.000, 270.000, 0.000)
94489208500,93.983760,(-1.7560, 1.6360, 6.6500),(0.000, 270.000, 0.000)
94520446500,94.014940,(-1.7560, 1.6360, 6.6500),(0.000, 270.000, 0.000)
94531312000,94.025890,(-1.7560, 1.6360, 6.6500),(0.000, 270.000, 0.000)
94544872900,94.039740,(-1.7560, 1.6360, 6.6500),(0.000, 270.000, 0.000)
94559002000,94.053540,(-1.7560, 1.6360, 6.6500),(0.000, 270.000, 0.000)
94572749700,94.067280,(-1.7560, 1.6360, 6.6500),(0.000, 270.000, 0.000)
94586574900,94.081190,(-1.7560, 1.6360, 6.6500),(0.000, 270.000, 0.000)
94600167600,94.095070,(-1.7560, 1.6360, 6.6500),(0.000, 270.000, 0.000)
94614629100,94.109130,(-1.7560, 1.6360, 6.6500),(0.000, 270.000, 0.000)
94628676900,94.123220,(-1.7560, 1.6360, 6.6500),(0.000, 270.000, 0.000)
94641933700,94.136890,(-1.7560, 1.6360, 6.6500),(0.000, 270.000, 0.000)
94656324700,94.150840,(-1.7560, 1.6360, 6.6500),(0.000, 270.000, 0.000)
94670097900,94.164680,(-1.7560, 1.6360, 6.6500),(0.000, 270.000, 0.000)
94683784100,94.178670,(-1.7560, 1.6360, 6.6500),(0.000, 270.000, 0.000)
94698062500,94.192630,(-1.7560, 1.6360, 6.6500),(0.000, 270.000, 0.000)
94729973500,94.224300,(-1.7560, 1.6360, 6.6500),(0.000, 270.000, 0.000)
94739345300,94.234270,(-1.7560, 1.6360, 6.6500),(0.000, 270.000, 0.000)
94753886000,94.248380,(-1.7560, 1.6360, 6.6500),(0.000, 270.000, 0.000)
94768029300,94.262540,(-1.7560, 1.6360, 6.6500),(0.000, 270.000, 0.000)
94781086100,94.276020,(-1.7560, 1.6360, 6.6500),(0.000, 270.000, 0.000)
94795409700,94.289990,(-1.7560, 1.6360, 6.6500),(0.000, 270.000, 0.000)
94809464100,94.304040,(-1.7560, 1.6360, 6.6500),(0.000, 270.000, 0.000)
94823267200,94.317980,(-1.7560, 1.6360, 6.6500),(0.000, 270.000, 0.000)
94837252300,94.331860,(-1.7560, 1.6360, 6.6500),(0.000, 270.000, 0.000)
94851204500,94.345740,(-1.7560, 1.6360, 6.6500),(0.000, 270.000, 0.000)
94864962900,94.359860,(-1.7560, 1.6360, 6.6500),(0.000, 270.000, 0.000)
94878900500,94.373500,(-1.7560, 1.6360, 6.6500),(0.000, 270.000, 0.000)
94893102100,94.387600,(-1.7560, 1.6360, 6.6500),(0.000, 270.000, 0.000)
94906835600,94.401410,(-1.7560, 1.6360, 6.6500),(0.000, 270.000, 0.000)
94938574000,94.433050,(-1.7560, 1.6360, 6.6500),(0.000, 270.000, 0.000)
94949115300,94.443700,(-1.7560, 1.6360, 6.6500),(0.000, 270.000, 0.000)
94962160000,94.457040,(-1.7560, 1.6360, 6.6500),(0.000, 270.000, 0.000)
94976432300,94.471000,(-1.7560, 1.6360, 6.6500),(0.000, 270.000, 0.000)
94990449600,94.485020,(-1.7560, 1.6360, 6.6500),(0.000, 270.000, 0.000)
95003845900,94.498740,(-1.7560, 1.6360, 6.6500),(0.000, 270.000, 0.000)
95018378000,94.512840,(-1.7560, 1.6360, 6.6500),(0.000, 270.000, 0.000)
95032314100,94.526840,(-1.7560, 1.6360, 6.6500),(0.000, 270.000, 0.000)
95046091200,94.540660,(-1.7560, 1.6360, 6.6500),(0.000, 270.000, 0.000)
95059676100,94.554630,(-1.7560, 1.6360, 6.6500),(0.000, 270.000, 0.000)
95074264500,94.568820,(-1.7560, 1.6360, 6.6500),(0.000, 270.000, 0.000)
95088184900,94.582740,(-1.7560, 1.6360, 6.6500),(0.000, 270.000, 0.000)
95101718300,94.596640,(-1.7560, 1.6360, 6.6500),(0.000, 270.000, 0.000)
95115747300,94.610310,(-1.7560, 1.6360, 6.6500),(0.000, 270.000, 0.000)
95147595300,94.641970,(-1.7560, 1.6360, 6.6500),(0.000, 270.000, 0.000)
95157562500,94.652480,(-1.7560, 1.6360, 6.6500),(0.000, 270.000, 0.000)
95171402900,94.665920,(-1.7560, 1.6360, 6.6500),(0.000, 270.000, 0.000)
95184941100,94.679850,(-1.7560, 1.6360, 6.6500),(0.000, 270.000, 0.000)
95199267900,94.693820,(-1.7560, 1.6360, 6.6500),(0.000, 270.000, 0.000)
95213551500,94.707710,(-1.7560, 1.6360, 6.6500),(0.000, 270.000, 0.000)
95227603300,94.722110,(-1.7560, 1.6360, 6.6500),(0.000, 270.000, 0.000)
95240777700,94.735590,(-1.7560, 1.6360, 6.6500),(0.000, 270.000, 0.000)
95254953200,94.749570,(-1.7560, 1.6360, 6.6500),(0.000, 270.000, 0.000)
95268881500,94.763450,(-1.7560, 1.6360, 6.6500),(0.000, 270.000, 0.000)
95282505100,94.777380,(-1.7560, 1.6360, 6.6500),(0.000, 270.000, 0.000)
95296554900,94.791190,(-1.7560, 1.6360, 6.6500),(0.000, 270.000, 0.000)
95310535300,94.805110,(-1.7560, 1.6360, 6.6500),(0.000, 270.000, 0.000)
95324405200,94.819310,(-1.7560, 1.6360, 6.6500),(0.000, 270.000, 0.000)
95356597500,94.850900,(-1.7560, 1.6360, 6.6500),(0.000, 270.000, 0.000)
95366422800,94.860990,(-1.7560, 1.6360, 6.6500),(0.000, 270.000, 0.000)
95379765500,94.874730,(-1.7560, 1.6360, 6.6500),(0.000, 270.000, 0.000)
95393902800,94.888540,(-1.7560, 1.6360, 6.6500),(0.000, 270.000, 0.000)
95407952500,94.902570,(-1.7560, 1.6360, 6.6500),(0.000, 270.000, 0.000)
95421603300,94.916500,(-1.7560, 1.6360, 6.6500),(0.000, 270.000, 0.000)
95436013200,94.930530,(-1.7560, 1.6360, 6.6500),(0.000, 270.000, 0.000)
95449940500,94.944500,(-1.7560, 1.6360, 6.6500),(0.000, 270.000, 0.000)
95463320100,94.958240,(-1.7560, 1.6360, 6.6500),(0.000, 270.000, 0.000)
95477819700,94.972370,(-1.7560, 1.6360, 6.6500),(0.000, 270.000, 0.000)
95491819900,94.986390,(-1.7560, 1.6360, 6.6500),(0.000, 270.000, 0.000)
95506331700,95.000150,(-1.7560, 1.6360, 6.6500),(0.000, 270.000, 0.000)
95519153700,95.014150,(-1.7560, 1.6360, 6.6500),(0.000, 270.000, 0.000)
95533447700,95.027980,(-1.7560, 1.6360, 6.6500),(0.000, 270.000, 0.000)
95565024900,95.059640,(-1.7560, 1.6360, 6.6500),(0.000, 270.000, 0.000)
95575489200,95.070080,(-1.7560, 1.6360, 6.6500),(0.000, 270.000, 0.000)
95589556500,95.083970,(-1.7560, 1.6360, 6.6500),(0.000, 270.000, 0.000)
95602741700,95.097670,(-1.7560, 1.6360, 6.6500),(0.000, 270.000, 0.000)
95616896500,95.111430,(-1.7560, 1.6360, 6.6500),(0.000, 270.000, 0.000)
95630950500,95.125530,(-1.7560, 1.6360, 6.6500),(0.000, 270.000, 0.000)
95644649100,95.139520,(-1.7560, 1.6360, 6.6500),(0.000, 270.000, 0.000)
95658812800,95.153410,(-1.7560, 1.6360, 6.6500),(0.000, 270.000, 0.000)
95672904000,95.167450,(-1.7560, 1.6360, 6.6500),(0.000, 270.000, 0.000)
95686875300,95.181470,(-1.7560, 1.6360, 6.6500),(0.000, 270.000, 0.000)
95700126800,95.195020,(-1.7560, 1.6360, 6.6500),(0.000, 270.000, 0.000)
95714638400,95.209190,(-1.7560, 1.6360, 6.6500),(0.000, 270.000, 0.000)
95728600900,95.223120,(-1.7560, 1.6360, 6.6500),(0.000, 270.000, 0.000)
95741956900,95.236910,(-1.7560, 1.6360, 6.6500),(0.000, 270.000, 0.000)
95774224500,95.268510,(-1.7560, 1.6360, 6.6500),(0.000, 270.000, 0.000)
95784164800,95.279050,(-1.7560, 1.6360, 6.6500),(0.000, 270.000, 0.000)
95797981100,95.292610,(-1.7560, 1.6360, 6.6500),(0.000, 270.000, 0.000)
95812118700,95.306660,(-1.7560, 1.6360, 6.6500),(0.000, 270.000, 0.000)
95826076500,95.320620,(-1.7560, 1.6360, 6.6500),(0.000, 270.000, 0.000)
95839822900,95.334750,(-1.7560, 1.6360, 6.6500),(0.000, 270.000, 0.000)
95853773900,95.348280,(-1.7560, 1.6360, 6.6500),(0.000, 270.000, 0.000)
95867913300,95.362450,(-1.7560, 1.6360, 6.6500),(0.000, 270.000, 0.000)
95881305700,95.376220,(-1.7560, 1.6360, 6.6500),(0.000, 270.000, 0.000)
95895620400,95.390140,(-1.7560, 1.6360, 6.6500),(0.000, 270.000, 0.000)
95909518800,95.404050,(-1.7560, 1.6360, 6.6500),(0.000, 270.000, 0.000)
95922961900,95.417960,(-1.7560, 1.6360, 6.6500),(0.000, 270.000, 0.000)
95937306000,95.431850,(-1.7560, 1.6360, 6.6500),(0.000, 270.000, 0.000)
95951424500,95.446000,(-1.7560, 1.6360, 6.6500),(0.000, 270.000, 0.000)
95982972900,95.477490,(-1.7560, 1.6360, 6.6500),(0.000, 270.000, 0.000)
95993546800,95.488040,(-1.7560, 1.6360, 6.6500),(0.000, 270.000, 0.000)
96007195500,95.501660,(-1.7560, 1.6360, 6.6500),(0.000, 270.000, 0.000)
96020846300,95.515670,(-1.7560, 1.6360, 6.6500),(0.000, 270.000, 0.000)
96034762100,95.529370,(-1.7560, 1.6360, 6.6500),(0.000, 270.000, 0.000)
96048856300,95.543420,(-1.7560, 1.6360, 6.6500),(0.000, 270.000, 0.000)
96062328400,95.557210,(-1.7560, 1.6360, 6.6500),(0.000, 270.000, 0.000)
96076652100,95.571220,(-1.7560, 1.6360, 6.6500),(0.000, 270.000, 0.000)
96090518000,95.585060,(-1.7560, 1.6360, 6.6500),(0.000, 270.000, 0.000)
96104071900,95.598970,(-1.7560, 1.6360, 6.6500),(0.000, 270.000, 0.000)
96118588900,95.613160,(-1.7560, 1.6360, 6.6500),(0.000, 270.000, 0.000)
96132628400,95.627110,(-1.7560, 1.6360, 6.6500),(0.000, 270.000, 0.000)
96146496400,95.641020,(-1.7560, 1.6360, 6.6500),(0.000, 270.000, 0.000)
96159926500,95.654850,(-1.7560, 1.6360, 6.6500),(0.000, 270.000, 0.000)
96192545200,95.686890,(-1.7560, 1.6360, 6.6500),(0.000, 270.000, 0.000)
96201711300,95.696630,(-1.7560, 1.6360, 6.6500),(0.000, 270.000, 0.000)
96215995500,95.710540,(-1.7560, 1.6360, 6.6500),(0.000, 270.000, 0.000)
96230072100,95.724550,(-1.7560, 1.6360, 6.6500),(0.000, 270.000, 0.000)
96243406500,95.738350,(-1.7560, 1.6360, 6.6500),(0.000, 270.000, 0.000)
96257760100,95.752330,(-1.7560, 1.6360, 6.6500),(0.000, 270.000, 0.000)
96271546500,95.766070,(-1.7560, 1.6360, 6.6500),(0.000, 270.000, 0.000)
96286073700,95.780600,(-1.7560, 1.6360, 6.6500),(0.000, 270.000, 0.000)
96299240400,95.794120,(-1.7560, 1.6360, 6.6500),(0.000, 270.000, 0.000)
96313578100,95.808070,(-1.7560, 1.6360, 6.6500),(0.000, 270.000, 0.000)
96327525700,95.821990,(-1.7560, 1.6360, 6.6500),(0.000, 270.000, 0.000)
96340952000,95.835850,(-1.7560, 1.6360, 6.6500),(0.000, 270.000, 0.000)
96355104100,95.849680,(-1.7560, 1.6360, 6.6500),(0.000, 270.000, 0.000)
96369116000,95.863660,(-1.7560, 1.6360, 6.6500),(0.000, 270.000, 0.000)
96400939500,95.895400,(-1.7560, 1.6360, 6.6500),(0.000, 270.000, 0.000)
96411028100,95.905610,(-1.7560, 1.6360, 6.6500),(0.000, 270.000, 0.000)
96424590100,95.919480,(-1.7560, 1.6360, 6.6500),(0.000, 270.000, 0.000)
96438790700,95.933290,(-1.7560, 1.6360, 6.6500),(0.000, 270.000, 0.000)
96452852800,95.947410,(-1.7560, 1.6360, 6.6500),(0.000, 270.000, 0.000)
96466551700,95.961140,(-1.7560, 1.6360, 6.6500),(0.000, 270.000, 0.000)
96480115300,95.975050,(-1.7560, 1.6360, 6.6500),(0.000, 270.000, 0.000)
96494428900,95.988970,(-1.7560, 1.6360, 6.6500),(0.000, 270.000, 0.000)
96508511200,96.003030,(-1.7560, 1.6360, 6.6500),(0.000, 270.000, 0.000)
96521858400,96.016820,(-1.7560, 1.6360, 6.6500),(0.000, 270.000, 0.000)
96536376100,96.030930,(-1.7560, 1.6360, 6.6500),(0.000, 270.000, 0.000)
96549998000,96.044600,(-1.7560, 1.6360, 6.6500),(0.000, 270.000, 0.000)
96563838700,96.058780,(-1.7560, 1.6360, 6.6500),(0.000, 270.000, 0.000)
96578074000,96.072660,(-1.7560, 1.6360, 6.6500),(0.000, 270.000, 0.000)
96610351900,96.104650,(-1.7560, 1.6360, 6.6500),(0.000, 270.000, 0.000)
96619660900,96.114580,(-1.7560, 1.6360, 6.6500),(0.000, 270.000, 0.000)
96634112800,96.128510,(-1.7560, 1.6360, 6.6500),(0.000, 270.000, 0.000)
96648133700,96.142630,(-1.7560, 1.6360, 6.6500),(0.000, 270.000, 0.000)
96661589300,96.156500,(-1.7560, 1.6360, 6.6500),(0.000, 270.000, 0.000)
96675980500,96.170470,(-1.7560, 1.6360, 6.6500),(0.000, 270.000, 0.000)
96689884400,96.184330,(-1.7560, 1.6360, 6.6500),(0.000, 270.000, 0.000)
96702851700,96.197770,(-1.7560, 1.6360, 6.6500),(0.000, 270.000, 0.000)
96717655200,96.212140,(-1.7560, 1.6360, 6.6500),(0.000, 270.000, 0.000)
96731166100,96.225740,(-1.7560, 1.6360, 6.6500),(0.000, 270.000, 0.000)
96744801500,96.239680,(-1.7560, 1.6360, 6.6500),(0.000, 270.000, 0.000)
96758868100,96.253450,(-1.7560, 1.6360, 6.6500),(0.000, 270.000, 0.000)
96773920800,96.268420,(-1.7560, 1.6360, 6.6500),(0.000, 270.000, 0.000)
96787124100,96.281620,(-1.7560, 1.6360, 6.6500),(0.000, 270.000, 0.000)
96819081900,96.313640,(-1.7560, 1.6360, 6.6500),(0.000, 270.000, 0.000)
96829084400,96.323610,(-1.7560, 1.6360, 6.6500),(0.000, 270.000, 0.000)
96842335900,96.337220,(-1.7560, 1.6360, 6.6500),(0.000, 270.000, 0.000)
96856649300,96.351040,(-1.7560, 1.6360, 6.6500),(0.000, 270.000, 0.000)
96870654800,96.365140,(-1.7560, 1.6360, 6.6500),(0.000, 270.000, 0.000)
96884006700,96.378930,(-1.7560, 1.6360, 6.6500),(0.000, 270.000, 0.000)
96898494100,96.392990,(-1.7560, 1.6360, 6.6500),(0.000, 270.000, 0.000)
96912332800,96.406880,(-1.7560, 1.6360, 6.6500),(0.000, 270.000, 0.000)
96926245100,96.420760,(-1.7560, 1.6360, 6.6500),(0.000, 270.000, 0.000)
96939470500,96.434440,(-1.7560, 1.6360, 6.6500),(0.000, 270.000, 0.000)
96953726100,96.448330,(-1.7560, 1.6360, 6.6500),(0.000, 270.000, 0.000)
96968080700,96.462590,(-1.7560, 1.6360, 6.6500),(0.000, 270.000, 0.000)
96981202500,96.476190,(-1.7560, 1.6360, 6.6500),(0.000, 270.000, 0.000)
96996049200,96.490550,(-1.7560, 1.6360, 6.6500),(0.000, 270.000, 0.000)
97029157500,96.523380,(-1.7560, 1.6360, 6.6500),(0.000, 270.000, 0.000)
97037349700,96.532260,(-1.7560, 1.6360, 6.6500),(0.000, 270.000, 0.000)
97051846700,96.546350,(-1.7560, 1.6360, 6.6500),(0.000, 270.000, 0.000)
97065081900,96.559890,(-1.7560, 1.6360, 6.6500),(0.000, 270.000, 0.000)
97079490900,96.574050,(-1.7560, 1.6360, 6.6500),(0.000, 270.000, 0.000)
97093182800,96.587790,(-1.7560, 1.6360, 6.6500),(0.000, 270.000, 0.000)
97107291500,96.601880,(-1.7560, 1.6360, 6.6500),(0.000, 270.000, 0.000)
97120652400,96.615570,(-1.7560, 1.6360, 6.6500),(0.000, 270.000, 0.000)
97135045700,96.629620,(-1.7560, 1.6360, 6.6500),(0.000, 270.000, 0.000)
97149085100,96.643670,(-1.7560, 1.6360, 6.6500),(0.000, 270.000, 0.000)
97162301600,96.657260,(-1.7560, 1.6360, 6.6500),(0.000, 270.000, 0.000)
97176843600,96.671390,(-1.7560, 1.6360, 6.6500),(0.000, 270.000, 0.000)
97191031600,96.685540,(-1.7560, 1.6360, 6.6500),(0.000, 270.000, 0.000)
97204353100,96.699240,(-1.7560, 1.6360, 6.6500),(0.000, 270.000, 0.000)
97237159600,96.731420,(-1.7560, 1.6360, 6.6500),(0.000, 270.000, 0.000)
97247625300,96.741660,(-1.7560, 1.6360, 6.6500),(0.000, 270.000, 0.000)
97260321600,96.755150,(-1.7560, 1.6360, 6.6500),(0.000, 270.000, 0.000)
97274759200,96.769140,(-1.7560, 1.6360, 6.6500),(0.000, 270.000, 0.000)
97288782500,96.783030,(-1.7560, 1.6360, 6.6500),(0.000, 270.000, 0.000)
97302056900,96.796930,(-1.7560, 1.6360, 6.6500),(0.000, 270.000, 0.000)
97315798900,96.810340,(-1.7560, 1.6360, 6.6500),(0.000, 270.000, 0.000)
97330564100,96.824910,(-1.7560, 1.6360, 6.6500),(0.000, 270.000, 0.000)
97343620900,96.838500,(-1.7560, 1.6360, 6.6500),(0.000, 270.000, 0.000)
97357883900,96.852390,(-1.7560, 1.6360, 6.6500),(0.000, 270.000, 0.000)
97371855600,96.866350,(-1.7560, 1.6360, 6.6500),(0.000, 270.000, 0.000)
97385763500,96.880200,(-1.7560, 1.6360, 6.6500),(0.000, 270.000, 0.000)
97400574900,96.895290,(-1.7560, 1.6360, 6.6500),(0.000, 270.000, 0.000)
97414345300,96.908550,(-1.7560, 1.6360, 6.6500),(0.000, 270.000, 0.000)
97446638700,96.940820,(-1.7560, 1.6360, 6.6500),(0.000, 270.000, 0.000)
97454895300,96.949860,(-1.7560, 1.6360, 6.6500),(0.000, 270.000, 0.000)
97469111600,96.963650,(-1.7560, 1.6360, 6.6500),(0.000, 270.000, 0.000)
97482592400,96.977510,(-1.7560, 1.6360, 6.6500),(0.000, 270.000, 0.000)
97497221300,96.991690,(-1.7560, 1.6360, 6.6500),(0.000, 270.000, 0.000)
97511268500,97.005720,(-1.7560, 1.6360, 6.6500),(0.000, 270.000, 0.000)
97524566500,97.019420,(-1.7560, 1.6360, 6.6500),(0.000, 270.000, 0.000)
97539116400,97.033550,(-1.7560, 1.6360, 6.6500),(0.000, 270.000, 0.000)
97553022100,97.047530,(-1.7560, 1.6360, 6.6500),(0.000, 270.000, 0.000)
97566853300,97.061330,(-1.7560, 1.6360, 6.6500),(0.000, 270.000, 0.000)
97580000500,97.074930,(-1.7560, 1.6360, 6.6500),(0.000, 270.000, 0.000)
97594436400,97.088960,(-1.7560, 1.6360, 6.6500),(0.000, 270.000, 0.000)
97608468000,97.103000,(-1.7560, 1.6360, 6.6500),(0.000, 270.000, 0.000)
97621869700,97.116810,(-1.7560, 1.6360, 6.6500),(0.000, 270.000, 0.000)
97654749100,97.149090,(-1.7560, 1.6360, 6.6500),(0.000, 270.000, 0.000)
97663987700,97.158840,(-1.7560, 1.6360, 6.6500),(0.000, 270.000, 0.000)
97677914700,97.172440,(-1.7560, 1.6360, 6.6500),(0.000, 270.000, 0.000)
97691888900,97.186450,(-1.7560, 1.6360, 6.6500),(0.000, 270.000, 0.000)
97706037500,97.200660,(-1.7560, 1.6360, 6.6500),(0.000, 270.000, 0.000)
97719519900,97.214420,(-1.7560, 1.6360, 6.6500),(0.000, 270.000, 0.000)
97733856900,97.228360,(-1.7560, 1.6360, 6.6500),(0.000, 270.000, 0.000)
97747738900,97.242290,(-1.7560, 1.6360, 6.6500),(0.000, 270.000, 0.000)
97760818100,97.255800,(-1.7560, 1.6360, 6.6500),(0.000, 270.000, 0.000)
97775577700,97.270090,(-1.7560, 1.6360, 6.6500),(0.000, 270.000, 0.000)
97789632000,97.284170,(-1.7560, 1.6360, 6.6500),(0.000, 270.000, 0.000)
97803864300,97.298560,(-1.7560, 1.6360, 6.6500),(0.000, 270.000, 0.000)
97818230900,97.312570,(-1.7560, 1.6360, 6.6500),(0.000, 270.000, 0.000)
97831712000,97.326120,(-1.7560, 1.6360, 6.6500),(0.000, 270.000, 0.000)
97865050300,97.359400,(-1.7560, 1.6360, 6.6500),(0.000, 270.000, 0.000)
97874221700,97.368530,(-1.7560, 1.6360, 6.6500),(0.000, 270.000, 0.000)
97886836300,97.381320,(-1.7560, 1.6360, 6.6500),(0.000, 270.000, 0.000)
97900541700,97.395360,(-1.7560, 1.6360, 6.6500),(0.000, 270.000, 0.000)
97914406100,97.408910,(-1.7560, 1.6360, 6.6500),(0.000, 270.000, 0.000)
97928320700,97.422900,(-1.7560, 1.6360, 6.6500),(0.000, 270.000, 0.000)
97942351600,97.437010,(-1.7560, 1.6360, 6.6500),(0.000, 270.000, 0.000)
97956668400,97.451090,(-1.7560, 1.6360, 6.6500),(0.000, 270.000, 0.000)
97970321700,97.464900,(-1.7560, 1.6360, 6.6500),(0.000, 270.000, 0.000)
97983826300,97.478630,(-1.7560, 1.6360, 6.6500),(0.000, 270.000, 0.000)
97998247900,97.492750,(-1.7560, 1.6360, 6.6500),(0.000, 270.000, 0.000)
98012200500,97.506710,(-1.7560, 1.6360, 6.6500),(0.000, 270.000, 0.000)
98026422500,97.520820,(-1.7560, 1.6360, 6.6500),(0.000, 270.000, 0.000)
98039580800,97.534430,(-1.7560, 1.6360, 6.6500),(0.000, 270.000, 0.000)
98072506300,97.566750,(-1.7560, 1.6360, 6.6500),(0.000, 270.000, 0.000)
98081664300,97.576570,(-1.7560, 1.6360, 6.6500),(0.000, 270.000, 0.000)
98096394100,97.590650,(-1.7560, 1.6360, 6.6500),(0.000, 270.000, 0.000)
98110438900,97.604910,(-1.7560, 1.6360, 6.6500),(0.000, 270.000, 0.000)
98123516100,97.618330,(-1.7560, 1.6360, 6.6500),(0.000, 270.000, 0.000)
98137730700,97.632170,(-1.7560, 1.6360, 6.6500),(0.000, 270.000, 0.000)
98151558500,97.645960,(-1.7560, 1.6360, 6.6500),(0.000, 270.000, 0.000)
98164901100,97.659760,(-1.7560, 1.6360, 6.6500),(0.000, 270.000, 0.000)
98179252300,97.673750,(-1.7560, 1.6360, 6.6500),(0.000, 270.000, 0.000)
98193507300,97.688000,(-1.7560, 1.6360, 6.6500),(0.000, 270.000, 0.000)
98207573100,97.701950,(-1.7560, 1.6360, 6.6500),(0.000, 270.000, 0.000)
98220951100,97.715740,(-1.7560, 1.6360, 6.6500),(0.000, 270.000, 0.000)
98235590800,97.729850,(-1.7560, 1.6360, 6.6500),(0.000, 270.000, 0.000)
98249728300,97.744120,(-1.7560, 1.6360, 6.6500),(0.000, 270.000, 0.000)
98281314500,97.775740,(-1.7560, 1.6360, 6.6500),(0.000, 270.000, 0.000)
98291027300,97.785420,(-1.7560, 1.6360, 6.6500),(0.000, 270.000, 0.000)
98304780700,97.799520,(-1.7560, 1.6360, 6.6500),(0.000, 270.000, 0.000)
98318860500,97.813210,(-1.7560, 1.6360, 6.6500),(0.000, 270.000, 0.000)
98333268100,97.827670,(-1.7560, 1.6360, 6.6500),(0.000, 270.000, 0.000)
